masses    NLO_data
1.40000e+02 8.54919e+01
2.20000e+02 1.61849e+01
3.20000e+02 3.60196e+00
1.40000e+02 8.79509e+01
2.20000e+02 1.67348e+01
3.20000e+02 3.57055e+00
1.40000e+02 8.65230e+01
2.00000e+02 2.30219e+01
3.20000e+02 3.72806e+00
1.40000e+02 8.67109e+01
1.80000e+02 3.29232e+01
3.20000e+02 3.58665e+00
1.40000e+02 8.74870e+01
2.00000e+02 2.32025e+01
3.20000e+02 3.66508e+00
4.00000e+02 1.38091e+00
1.40000e+02 8.78181e+01
2.00000e+02 2.20085e+01
3.20000e+02 3.66614e+00
1.40000e+02 8.50102e+01
2.00000e+02 2.29924e+01
3.20000e+02 3.51363e+00
4.00000e+02 1.39921e+00
6.00000e+01 1.49850e+03
2.20000e+02 1.55617e+01
3.20000e+02 3.55427e+00
1.00000e+02 2.75040e+02
2.20000e+02 1.58988e+01
3.20000e+02 3.68240e+00
8.00000e+01 5.95575e+02
2.20000e+02 1.55826e+01
3.20000e+02 3.63616e+00
1.00000e+02 2.81553e+02
2.20000e+02 1.58436e+01
3.20000e+02 3.54518e+00
8.00000e+01 6.07158e+02
2.20000e+02 1.64793e+01
3.20000e+02 3.62115e+00
1.00000e+02 2.89067e+02
2.20000e+02 1.64370e+01
3.20000e+02 3.73001e+00
1.00000e+02 2.89736e+02
1.60000e+02 5.32045e+01
2.80000e+02 6.08258e+00
3.80000e+02 1.73081e+00
8.00000e+01 6.40103e+02
1.80000e+02 3.44443e+01
3.00000e+02 4.52977e+00
4.00000e+02 1.39140e+00
6.00000e+01 1.83579e+03
1.80000e+02 3.49135e+01
3.00000e+02 4.80920e+00
4.00000e+02 1.41745e+00
6.00000e+01 1.74551e+03
1.80000e+02 3.32024e+01
2.60000e+02 8.35266e+00
3.60000e+02 2.19706e+00
6.00000e+01 1.69338e+03
1.80000e+02 3.34899e+01
2.60000e+02 8.34740e+00
3.60000e+02 2.22705e+00
8.00000e+01 6.19190e+02
1.80000e+02 3.53799e+01
2.60000e+02 8.34300e+00
3.60000e+02 2.22742e+00
1.00000e+02 2.90287e+02
2.20000e+02 1.60685e+01
3.20000e+02 3.76244e+00
8.00000e+01 6.19682e+02
2.00000e+02 2.26955e+01
2.80000e+02 6.53467e+00
3.60000e+02 2.19522e+00
1.00000e+02 2.76458e+02
2.00000e+02 2.32284e+01
2.80000e+02 6.17612e+00
3.60000e+02 2.17378e+00
8.00000e+01 6.80981e+02
2.00000e+02 2.35873e+01
2.80000e+02 6.16051e+00
3.60000e+02 2.17185e+00
1.20000e+02 1.40607e+02
2.20000e+02 1.63496e+01
3.20000e+02 3.50899e+00
1.00000e+02 2.97499e+02
2.20000e+02 1.60385e+01
3.20000e+02 3.53120e+00
1.20000e+02 1.43343e+02
2.20000e+02 1.59672e+01
3.20000e+02 3.58183e+00
1.20000e+02 1.48581e+02
2.40000e+02 1.14656e+01
3.40000e+02 2.82091e+00
1.20000e+02 1.45355e+02
2.40000e+02 1.14317e+01
3.40000e+02 2.84421e+00
8.00000e+01 6.60356e+02
2.40000e+02 1.10973e+01
3.20000e+02 3.54841e+00
1.20000e+02 1.49147e+02
2.40000e+02 1.11719e+01
3.40000e+02 2.82964e+00
8.00000e+01 6.51258e+02
2.40000e+02 1.12024e+01
3.40000e+02 2.66555e+00
1.20000e+02 1.49131e+02
2.40000e+02 1.17540e+01
3.40000e+02 2.78393e+00
1.20000e+02 1.54410e+02
2.40000e+02 1.13505e+01
3.20000e+02 3.70744e+00
1.00000e+02 2.80852e+02
2.40000e+02 1.17016e+01
3.40000e+02 2.81640e+00
1.00000e+02 2.83122e+02
2.40000e+02 1.14689e+01
3.40000e+02 2.80617e+00
1.20000e+02 1.52580e+02
1.60000e+02 5.32544e+01
2.60000e+02 8.21261e+00
3.80000e+02 1.69851e+00
8.00000e+01 5.98361e+02
1.80000e+02 3.33859e+01
2.80000e+02 6.37219e+00
3.80000e+02 1.75109e+00
1.00000e+02 2.82998e+02
2.00000e+02 2.26725e+01
3.00000e+02 4.60844e+00
4.00000e+02 1.40359e+00
1.00000e+02 2.90069e+02
2.20000e+02 1.60250e+01
3.00000e+02 4.66858e+00
4.00000e+02 1.35167e+00
1.40000e+02 8.45207e+01
1.60000e+02 5.23243e+01
2.60000e+02 8.30291e+00
3.40000e+02 2.86935e+00
1.40000e+02 8.51488e+01
2.20000e+02 1.61814e+01
3.00000e+02 4.71485e+00
4.00000e+02 1.35685e+00
1.20000e+02 1.55268e+02
2.00000e+02 2.26153e+01
3.00000e+02 4.83002e+00
4.00000e+02 1.44383e+00
1.20000e+02 1.51318e+02
2.00000e+02 2.36730e+01
3.00000e+02 4.85195e+00
4.00000e+02 1.38007e+00
1.20000e+02 1.52331e+02
2.00000e+02 2.33656e+01
3.00000e+02 4.74924e+00
4.00000e+02 1.37077e+00
1.00000e+02 2.82913e+02
2.00000e+02 2.33405e+01
3.00000e+02 4.51569e+00
4.00000e+02 1.39268e+00
1.40000e+02 8.01785e+01
1.40000e+02 8.42993e+01
2.40000e+02 1.13150e+01
3.40000e+02 2.77168e+00
1.20000e+02 1.40323e+02
1.60000e+02 5.34285e+01
2.40000e+02 1.13629e+01
3.40000e+02 2.85695e+00
6.00000e+01 1.70596e+03
1.40000e+02 8.47395e+01
2.40000e+02 1.18478e+01
3.40000e+02 2.72597e+00
1.00000e+02 2.76910e+02
1.60000e+02 5.20742e+01
2.60000e+02 8.62927e+00
3.60000e+02 2.10770e+00
1.20000e+02 1.52154e+02
1.60000e+02 5.29519e+01
2.60000e+02 8.20728e+00
3.60000e+02 2.20725e+00
6.00000e+01 1.75998e+03
1.60000e+02 5.38957e+01
2.60000e+02 8.41169e+00
3.40000e+02 2.79584e+00
1.00000e+02 2.81585e+02
1.60000e+02 5.19737e+01
2.60000e+02 8.63355e+00
3.60000e+02 2.17134e+00
6.00000e+01 1.77244e+03
1.80000e+02 3.35216e+01
2.60000e+02 8.34590e+00
3.60000e+02 2.20597e+00
6.00000e+01 1.82955e+03
1.80000e+02 3.35992e+01
2.60000e+02 8.63198e+00
3.60000e+02 2.20376e+00
6.00000e+01 1.81941e+03
1.80000e+02 3.29305e+01
2.80000e+02 6.44390e+00
3.60000e+02 2.22261e+00
1.40000e+02 8.38069e+01
1.60000e+02 5.07299e+01
2.60000e+02 8.18008e+00
3.60000e+02 2.12504e+00
8.00000e+01 6.50239e+02
1.80000e+02 3.44895e+01
3.00000e+02 4.90553e+00
3.80000e+02 1.70305e+00
8.00000e+01 6.30753e+02
1.80000e+02 3.36167e+01
3.00000e+02 4.76789e+00
3.80000e+02 1.69343e+00
1.20000e+02 1.52633e+02
2.00000e+02 2.25107e+01
3.00000e+02 4.74254e+00
3.80000e+02 1.73270e+00
1.20000e+02 1.57214e+02
2.00000e+02 2.35962e+01
2.80000e+02 6.31620e+00
3.80000e+02 1.75116e+00
1.00000e+02 2.81598e+02
1.60000e+02 5.48164e+01
2.60000e+02 8.53338e+00
3.60000e+02 2.08019e+00
1.00000e+02 2.71401e+02
1.60000e+02 5.22727e+01
2.80000e+02 6.69470e+00
3.80000e+02 1.70205e+00
1.20000e+02 1.47190e+02
1.60000e+02 5.35103e+01
2.60000e+02 8.13070e+00
3.80000e+02 1.74216e+00
8.00000e+01 6.31600e+02
1.60000e+02 5.20371e+01
2.80000e+02 6.22703e+00
3.80000e+02 1.77134e+00
1.40000e+02 8.64774e+01
1.60000e+02 5.29288e+01
2.60000e+02 8.60167e+00
3.60000e+02 2.15761e+00
8.00000e+01 6.40441e+02
1.60000e+02 5.45009e+01
2.60000e+02 8.26459e+00
3.80000e+02 1.73391e+00
8.00000e+01 6.03571e+02
1.40000e+02 8.58541e+01
2.40000e+02 1.11454e+01
3.60000e+02 2.21955e+00
1.20000e+02 1.48466e+02
1.60000e+02 5.28295e+01
2.80000e+02 6.17620e+00
3.80000e+02 1.76069e+00
1.00000e+02 2.74748e+02
1.80000e+02 3.37386e+01
3.00000e+02 4.73088e+00
3.80000e+02 1.71799e+00
6.00000e+01 1.80337e+03
1.60000e+02 5.39294e+01
2.60000e+02 8.21880e+00
3.60000e+02 2.14524e+00
8.00000e+01 6.16399e+02
2.00000e+02 2.32493e+01
3.00000e+02 4.85143e+00
3.80000e+02 1.73505e+00
8.00000e+01 6.11120e+02
1.80000e+02 3.32298e+01
2.80000e+02 6.18278e+00
3.80000e+02 1.72523e+00
8.00000e+01 6.65034e+02
2.00000e+02 2.31473e+01
3.00000e+02 4.73706e+00
3.80000e+02 1.79404e+00
8.00000e+01 6.33285e+02
1.60000e+02 5.25250e+01
2.60000e+02 8.52896e+00
3.40000e+02 2.78547e+00
1.40000e+02 8.08041e+01
1.60000e+02 5.14056e+01
2.60000e+02 8.29080e+00
3.60000e+02 2.15431e+00
8.00000e+01 5.67822e+02
2.20000e+02 1.60332e+01
3.00000e+02 4.65845e+00
4.00000e+02 1.43961e+00
6.00000e+01 1.63745e+03
2.20000e+02 1.55524e+01
3.00000e+02 4.51196e+00
3.80000e+02 1.70051e+00
6.00000e+01 1.87458e+03
2.20000e+02 1.58999e+01
3.20000e+02 3.69988e+00
4.00000e+02 1.42051e+00
6.00000e+01 1.74935e+03
2.20000e+02 1.57032e+01
3.00000e+02 4.74246e+00
4.00000e+02 1.38928e+00
1.40000e+02 8.49679e+01
1.60000e+02 5.33890e+01
2.60000e+02 8.36656e+00
3.80000e+02 1.68970e+00
6.00000e+01 1.79612e+03
2.20000e+02 1.64172e+01
3.20000e+02 3.54323e+00
4.00000e+02 1.40031e+00
1.40000e+02 8.61795e+01
2.20000e+02 1.67121e+01
3.00000e+02 4.77428e+00
4.00000e+02 1.34370e+00
1.40000e+02 8.85864e+01
2.20000e+02 1.60706e+01
3.00000e+02 4.63874e+00
4.00000e+02 1.35621e+00
1.00000e+02 2.91110e+02
2.20000e+02 1.59534e+01
3.20000e+02 3.64708e+00
4.00000e+02 1.36378e+00
6.00000e+01 1.85286e+03
1.60000e+02 5.38990e+01
2.60000e+02 8.55852e+00
3.80000e+02 1.70277e+00
1.40000e+02 8.30710e+01
2.00000e+02 2.35737e+01
3.00000e+02 4.80546e+00
4.00000e+02 1.36091e+00
1.40000e+02 8.66902e+01
1.80000e+02 3.44687e+01
3.00000e+02 4.76237e+00
4.00000e+02 1.34326e+00
6.00000e+01 1.85820e+03
1.80000e+02 3.39863e+01
2.80000e+02 6.28562e+00
4.00000e+02 1.41993e+00
1.00000e+02 2.80264e+02
1.60000e+02 5.22407e+01
2.60000e+02 8.23401e+00
3.60000e+02 2.16880e+00
1.20000e+02 1.44307e+02
2.00000e+02 2.25362e+01
2.80000e+02 6.45419e+00
3.80000e+02 1.70770e+00
1.00000e+02 2.75263e+02
1.60000e+02 5.41594e+01
2.40000e+02 1.11311e+01
3.40000e+02 2.76800e+00
1.20000e+02 1.50094e+02
1.80000e+02 3.41364e+01
2.80000e+02 6.15127e+00
3.60000e+02 2.17877e+00
1.40000e+02 8.51771e+01
1.80000e+02 3.47408e+01
2.60000e+02 8.09139e+00
3.60000e+02 2.23806e+00
1.00000e+02 2.82296e+02
1.80000e+02 3.58315e+01
2.80000e+02 6.27766e+00
4.00000e+02 1.36629e+00
1.00000e+02 2.75326e+02
1.80000e+02 3.34913e+01
2.80000e+02 6.07429e+00
4.00000e+02 1.41673e+00
8.00000e+01 5.86936e+02
1.80000e+02 3.29432e+01
2.80000e+02 6.33992e+00
4.00000e+02 1.37660e+00
8.00000e+01 5.88947e+02
2.00000e+02 2.29230e+01
2.80000e+02 6.18795e+00
4.00000e+02 1.40451e+00
6.00000e+01 1.63942e+03
1.60000e+02 5.51854e+01
2.60000e+02 8.36213e+00
3.80000e+02 1.75052e+00
8.00000e+01 6.50682e+02
2.40000e+02 1.14760e+01
3.40000e+02 2.82558e+00
8.00000e+01 6.07458e+02
2.40000e+02 1.10256e+01
3.40000e+02 2.71722e+00
8.00000e+01 6.57528e+02
2.40000e+02 1.14157e+01
3.40000e+02 2.84135e+00
8.00000e+01 6.28212e+02
2.00000e+02 2.24959e+01
3.00000e+02 4.76665e+00
4.00000e+02 1.41230e+00
8.00000e+01 5.87574e+02
2.40000e+02 1.18571e+01
3.40000e+02 2.75390e+00
8.00000e+01 5.97082e+02
2.40000e+02 1.13963e+01
3.40000e+02 2.70429e+00
1.40000e+02 8.64494e+01
2.00000e+02 2.26277e+01
1.40000e+02 8.62640e+01
1.80000e+02 3.53435e+01
1.40000e+02 8.58104e+01
2.00000e+02 2.32748e+01
1.00000e+02 2.85824e+02
1.60000e+02 5.21070e+01
2.60000e+02 8.29895e+00
3.40000e+02 2.82123e+00
6.00000e+01 1.79964e+03
1.80000e+02 3.42848e+01
2.80000e+02 6.23563e+00
3.60000e+02 2.18312e+00
6.00000e+01 1.86883e+03
1.80000e+02 3.56295e+01
2.80000e+02 6.29138e+00
3.60000e+02 2.20015e+00
1.40000e+02 8.36829e+01
2.00000e+02 2.23928e+01
3.00000e+02 4.74361e+00
4.00000e+02 1.34172e+00
1.40000e+02 8.60940e+01
2.00000e+02 2.27470e+01
2.80000e+02 6.27694e+00
4.00000e+02 1.37605e+00
1.20000e+02 1.50003e+02
1.60000e+02 5.15107e+01
2.60000e+02 8.55053e+00
3.60000e+02 2.15061e+00
6.00000e+01 1.86306e+03
2.00000e+02 2.28091e+01
2.80000e+02 6.19909e+00
3.60000e+02 2.20013e+00
6.00000e+01 1.82652e+03
1.80000e+02 3.32334e+01
2.80000e+02 6.31510e+00
3.80000e+02 1.75507e+00
6.00000e+01 1.87866e+03
2.00000e+02 2.30766e+01
2.80000e+02 6.34029e+00
3.80000e+02 1.79661e+00
6.00000e+01 1.76857e+03
1.80000e+02 3.35143e+01
2.60000e+02 8.54424e+00
3.80000e+02 1.74908e+00
6.00000e+01 1.88228e+03
1.80000e+02 3.46974e+01
2.80000e+02 6.13540e+00
3.60000e+02 2.16409e+00
1.00000e+02 2.79981e+02
2.00000e+02 2.26361e+01
2.80000e+02 6.30663e+00
3.80000e+02 1.78697e+00
1.20000e+02 1.45687e+02
1.60000e+02 5.21433e+01
2.60000e+02 8.47046e+00
3.60000e+02 2.25299e+00
6.00000e+01 1.87122e+03
2.20000e+02 1.59058e+01
3.20000e+02 3.59367e+00
6.00000e+01 1.91842e+03
2.00000e+02 2.21872e+01
3.00000e+02 4.68764e+00
4.00000e+02 1.37779e+00
6.00000e+01 1.96865e+03
2.20000e+02 1.64703e+01
3.20000e+02 3.62103e+00
8.00000e+01 6.16775e+02
2.20000e+02 1.61803e+01
3.20000e+02 3.58570e+00
4.00000e+02 1.37074e+00
6.00000e+01 1.67817e+03
2.20000e+02 1.58678e+01
3.20000e+02 3.63639e+00
8.00000e+01 6.68743e+02
2.20000e+02 1.60302e+01
3.20000e+02 3.62178e+00
8.00000e+01 6.46186e+02
2.20000e+02 1.59671e+01
3.20000e+02 3.63548e+00
1.00000e+02 2.74624e+02
2.40000e+02 1.19231e+01
3.40000e+02 2.76988e+00
8.00000e+01 6.22772e+02
2.00000e+02 2.25777e+01
3.00000e+02 4.64256e+00
4.00000e+02 1.35694e+00
1.20000e+02 1.47008e+02
2.00000e+02 2.30239e+01
3.00000e+02 4.60314e+00
4.00000e+02 1.38963e+00
6.00000e+01 1.83123e+03
2.00000e+02 2.41378e+01
3.00000e+02 4.52398e+00
4.00000e+02 1.41733e+00
1.20000e+02 1.53547e+02
1.60000e+02 5.33300e+01
2.60000e+02 8.25011e+00
3.60000e+02 2.18903e+00
1.00000e+02 2.84346e+02
1.80000e+02 3.47489e+01
2.80000e+02 5.99412e+00
3.80000e+02 1.73166e+00
1.00000e+02 2.81489e+02
1.60000e+02 5.25703e+01
2.60000e+02 8.72912e+00
3.80000e+02 1.75541e+00
1.00000e+02 2.79890e+02
1.80000e+02 3.55101e+01
2.80000e+02 6.11801e+00
3.80000e+02 1.68424e+00
1.40000e+02 8.39427e+01
2.20000e+02 1.65764e+01
3.20000e+02 3.53851e+00
1.20000e+02 1.52298e+02
2.20000e+02 1.59799e+01
3.20000e+02 3.58002e+00
1.20000e+02 1.42568e+02
2.20000e+02 1.59333e+01
3.20000e+02 3.60649e+00
1.20000e+02 1.48866e+02
2.20000e+02 1.63330e+01
3.20000e+02 3.65022e+00
1.20000e+02 1.55013e+02
2.20000e+02 1.57103e+01
3.20000e+02 3.52405e+00
8.00000e+01 6.43314e+02
2.20000e+02 1.61189e+01
3.20000e+02 3.58034e+00
1.00000e+02 2.72705e+02
2.20000e+02 1.59693e+01
3.20000e+02 3.61397e+00
1.40000e+02 8.34997e+01
2.00000e+02 2.20743e+01
3.00000e+02 4.61932e+00
3.80000e+02 1.74974e+00
6.00000e+01 1.87836e+03
1.60000e+02 5.06755e+01
2.40000e+02 1.16510e+01
3.40000e+02 2.76596e+00
1.40000e+02 8.41781e+01
2.00000e+02 2.30613e+01
3.00000e+02 4.71058e+00
3.80000e+02 1.75015e+00
6.00000e+01 1.94193e+03
2.00000e+02 2.28846e+01
2.80000e+02 6.33783e+00
3.80000e+02 1.77741e+00
1.20000e+02 1.47522e+02
1.60000e+02 5.29574e+01
2.60000e+02 8.29051e+00
3.60000e+02 2.15717e+00
1.00000e+02 2.84170e+02
1.60000e+02 5.37803e+01
2.60000e+02 8.37915e+00
3.60000e+02 2.22953e+00
1.20000e+02 1.49379e+02
1.80000e+02 3.37032e+01
2.80000e+02 6.29422e+00
3.80000e+02 1.77063e+00
1.00000e+02 2.82125e+02
1.80000e+02 3.52527e+01
2.80000e+02 6.17465e+00
3.60000e+02 2.16414e+00
1.20000e+02 1.49123e+02
1.80000e+02 3.43053e+01
2.60000e+02 8.03206e+00
3.60000e+02 2.18639e+00
1.00000e+02 2.78246e+02
1.60000e+02 5.31998e+01
2.60000e+02 8.52456e+00
3.60000e+02 2.17943e+00
1.20000e+02 1.44360e+02
2.40000e+02 1.15785e+01
3.40000e+02 2.80272e+00
1.20000e+02 1.50761e+02
2.40000e+02 1.14757e+01
3.40000e+02 2.85966e+00
1.20000e+02 1.45300e+02
2.40000e+02 1.14287e+01
3.40000e+02 2.81439e+00
1.20000e+02 1.38129e+02
2.40000e+02 1.17352e+01
3.40000e+02 2.85129e+00
1.20000e+02 1.51203e+02
2.40000e+02 1.15209e+01
3.40000e+02 2.79996e+00
1.00000e+02 2.75971e+02
2.40000e+02 1.17302e+01
3.40000e+02 2.80952e+00
1.20000e+02 1.50849e+02
2.40000e+02 1.16086e+01
3.40000e+02 2.75046e+00
1.40000e+02 8.68160e+01
1.80000e+02 3.40959e+01
3.00000e+02 4.73871e+00
3.80000e+02 1.69553e+00
1.40000e+02 8.63204e+01
1.60000e+02 5.01169e+01
2.80000e+02 6.41745e+00
3.60000e+02 2.18386e+00
1.40000e+02 8.65912e+01
1.80000e+02 3.39607e+01
2.80000e+02 6.10228e+00
3.80000e+02 1.75346e+00
1.40000e+02 8.69626e+01
1.80000e+02 3.50868e+01
2.80000e+02 6.28926e+00
3.80000e+02 1.70153e+00
1.40000e+02 8.13219e+01
1.80000e+02 3.41298e+01
2.80000e+02 6.10141e+00
3.80000e+02 1.77258e+00
1.00000e+02 2.76841e+02
2.40000e+02 1.17022e+01
3.40000e+02 2.84761e+00
8.00000e+01 6.15521e+02
2.40000e+02 1.15714e+01
3.40000e+02 2.81910e+00
8.00000e+01 6.30785e+02
2.40000e+02 1.14822e+01
3.40000e+02 2.75240e+00
6.00000e+01 1.78515e+03
1.60000e+02 5.33340e+01
2.60000e+02 8.50386e+00
3.60000e+02 2.23506e+00
6.00000e+01 1.87388e+03
1.60000e+02 5.22794e+01
2.60000e+02 8.29716e+00
3.60000e+02 2.26288e+00
6.00000e+01 1.88832e+03
2.00000e+02 2.39294e+01
3.00000e+02 4.61469e+00
4.00000e+02 1.39817e+00
1.40000e+02 8.57851e+01
2.20000e+02 1.65834e+01
3.00000e+02 4.53739e+00
4.00000e+02 1.40605e+00
1.00000e+02 3.01159e+02
2.40000e+02 1.10161e+01
3.40000e+02 2.76358e+00
1.00000e+02 2.78997e+02
2.40000e+02 1.13724e+01
3.40000e+02 2.80213e+00
6.00000e+01 1.85695e+03
2.40000e+02 1.16966e+01
3.40000e+02 2.86278e+00
8.00000e+01 6.15802e+02
2.40000e+02 1.17310e+01
3.40000e+02 2.84445e+00
8.00000e+01 6.43480e+02
2.00000e+02 2.34206e+01
3.00000e+02 4.79844e+00
4.00000e+02 1.39330e+00
6.00000e+01 1.75289e+03
2.40000e+02 1.14200e+01
3.20000e+02 3.59582e+00
