masses     LO_data     LO_up     LO_down     NLO_data     NLO_up     NLO_down
8.29210e+02 1.19686e-02 1.06245e-02 1.28044e-02 1.32678e-02 1.05362e-02 1.64565e-02
2.58660e+03 5.54712e-07 4.68711e-07 6.38936e-07 5.78250e-07 4.44393e-07 7.49506e-07
1.85210e+03 2.69126e-05 2.33328e-05 3.10335e-05 2.91770e-05 2.36557e-05 3.65577e-05
5.48240e+02 1.06770e-01 9.93247e-02 1.15642e-01 1.27808e-01 9.49283e-02 1.58183e-01
4.63250e+02 2.35779e-01 2.19726e-01 2.53316e-01 2.76376e-01 2.15064e-01 3.60384e-01
1.94490e+03 1.58551e-05 1.39045e-05 1.88048e-05 1.74716e-05 1.39877e-05 2.16146e-05
1.93200e+03 1.73013e-05 1.49449e-05 1.99395e-05 1.87603e-05 1.42572e-05 2.34378e-05
1.67110e+03 7.16124e-05 6.35527e-05 8.38253e-05 7.82453e-05 6.25110e-05 9.83243e-05
3.46130e+02 8.44227e-01 8.04220e-01 8.83321e-01 1.03342e+00 7.43095e-01 1.32968e+00
1.90550e+03 2.04581e-05 1.76139e-05 2.25671e-05 2.14476e-05 1.71123e-05 2.79114e-05
8.29760e+02 1.13760e-02 1.05672e-02 1.27469e-02 1.27328e-02 1.00722e-02 1.66245e-02
9.66340e+02 4.48444e-03 4.15140e-03 5.08332e-03 5.15073e-03 4.11962e-03 6.65574e-03
2.23520e+03 3.46799e-06 2.92791e-06 4.08550e-06 3.69989e-06 2.87037e-06 4.69479e-06
1.98170e+03 1.34197e-05 1.19435e-05 1.53002e-05 1.44193e-05 1.13027e-05 1.83922e-05
7.59400e+02 1.93523e-02 1.73333e-02 2.07150e-02 2.24234e-02 1.66159e-02 2.73956e-02
1.30580e+03 5.69079e-04 5.12934e-04 6.45335e-04 6.35312e-04 4.80615e-04 7.99601e-04
2.25310e+03 3.25601e-06 2.74755e-06 3.74253e-06 3.22655e-06 2.66617e-06 4.32223e-06
1.53150e+03 1.60372e-04 1.37193e-04 1.74309e-04 1.68636e-04 1.34553e-04 2.14935e-04
1.47830e+03 2.08129e-04 1.83922e-04 2.33354e-04 2.30228e-04 1.83986e-04 2.86762e-04
6.51900e+02 4.54446e-02 4.18159e-02 4.92783e-02 5.07270e-02 4.02274e-02 6.16425e-02
1.71200e+02 1.25600e+01 1.22981e+01 1.24335e+01 1.67140e+01 1.10645e+01 2.27706e+01
1.40230e+03 3.29039e-04 2.87582e-04 3.57067e-04 3.52548e-04 2.90179e-04 4.49855e-04
6.07780e+02 6.30560e-02 5.95932e-02 7.00659e-02 7.18808e-02 5.59791e-02 9.46384e-02
2.64380e+03 4.12476e-07 3.47056e-07 4.89031e-07 4.31084e-07 3.43820e-07 5.78457e-07
2.03250e+03 1.02648e-05 8.83330e-06 1.18309e-05 1.08256e-05 8.58308e-06 1.40731e-05
2.69030e+03 3.13780e-07 2.76665e-07 3.73212e-07 3.40490e-07 2.55150e-07 4.34928e-07
5.26590e+02 1.30532e-01 1.21784e-01 1.42019e-01 1.49102e-01 1.18643e-01 1.92284e-01
2.52890e+03 7.30255e-07 6.21978e-07 8.79777e-07 7.68570e-07 5.98418e-07 1.00435e-06
3.82190e+02 5.52864e-01 5.23198e-01 5.82464e-01 6.66682e-01 4.89680e-01 8.58354e-01
1.36500e+03 4.05062e-04 3.62678e-04 4.56987e-04 4.34847e-04 3.42899e-04 5.43918e-04
2.51930e+03 7.60632e-07 6.70546e-07 9.25362e-07 8.14634e-07 6.32804e-07 1.05713e-06
5.48140e+02 1.08335e-01 9.91033e-02 1.16034e-01 1.23729e-01 9.78433e-02 1.59053e-01
1.34860e+03 4.33651e-04 3.92650e-04 5.07370e-04 4.89246e-04 3.78143e-04 6.20160e-04
6.73930e+02 3.77769e-02 3.45065e-02 4.19207e-02 4.18542e-02 3.31444e-02 5.33799e-02
8.75260e+02 8.51069e-03 7.66731e-03 9.15732e-03 9.63586e-03 7.30252e-03 1.20862e-02
2.07630e+03 8.20081e-06 7.10196e-06 9.22199e-06 8.70672e-06 6.58166e-06 1.08282e-05
2.02080e+03 1.06400e-05 9.18114e-06 1.29880e-05 1.17280e-05 9.34166e-06 1.41805e-05
7.24360e+02 2.56444e-02 2.40734e-02 2.79325e-02 2.86298e-02 2.22593e-02 3.68821e-02
6.87610e+02 3.40218e-02 3.00736e-02 3.63031e-02 3.86812e-02 3.02302e-02 4.79560e-02
1.27080e+03 6.79827e-04 6.16854e-04 7.79967e-04 7.68803e-04 6.24857e-04 9.67722e-04
5.91930e+02 7.21985e-02 6.86575e-02 7.98368e-02 8.68006e-02 6.52490e-02 1.09580e-01
1.19820e+03 1.09430e-03 9.68576e-04 1.21832e-03 1.15342e-03 9.63088e-04 1.45734e-03
1.30360e+03 5.83514e-04 5.09039e-04 6.54450e-04 6.19216e-04 4.96037e-04 7.76708e-04
1.08710e+03 2.09942e-03 1.94001e-03 2.37446e-03 2.30706e-03 1.83626e-03 2.92649e-03
2.70720e+03 2.92586e-07 2.48144e-07 3.48916e-07 3.15600e-07 2.38875e-07 4.09187e-07
1.01800e+03 3.31194e-03 3.05163e-03 3.71513e-03 3.60597e-03 2.88878e-03 4.63043e-03
5.75290e+02 8.26670e-02 7.78519e-02 9.15774e-02 9.77178e-02 7.63614e-02 1.18992e-01
1.80780e+03 3.40761e-05 2.94078e-05 3.90106e-05 3.58744e-05 2.88551e-05 4.67546e-05
1.35270e+03 4.21244e-04 3.85616e-04 4.93334e-04 4.65247e-04 3.83784e-04 6.02712e-04
1.93910e+03 1.70109e-05 1.46978e-05 1.92301e-05 1.75347e-05 1.38983e-05 2.34647e-05
1.75360e+03 4.53721e-05 3.84619e-05 5.43216e-05 4.78426e-05 3.95293e-05 6.30231e-05
1.59630e+03 1.06050e-04 9.24255e-05 1.22707e-04 1.19696e-04 9.13218e-05 1.49586e-04
2.95600e+03 8.38228e-08 7.02434e-08 9.75377e-08 8.95021e-08 7.00722e-08 1.14063e-07
5.08710e+02 1.51164e-01 1.41891e-01 1.60822e-01 1.79354e-01 1.37969e-01 2.31416e-01
1.68610e+03 6.67369e-05 5.99642e-05 7.66626e-05 7.12656e-05 5.78448e-05 9.44561e-05
1.21730e+03 9.92512e-04 8.46373e-04 1.08757e-03 1.06336e-03 8.19485e-04 1.37072e-03
8.96180e+02 7.45093e-03 6.65634e-03 8.19625e-03 8.32995e-03 6.44655e-03 1.05278e-02
2.34590e+03 1.89888e-06 1.62754e-06 2.28376e-06 2.02628e-06 1.59177e-06 2.63205e-06
2.20510e+03 4.03263e-06 3.43355e-06 4.66700e-06 4.28992e-06 3.43839e-06 5.51132e-06
8.53330e+02 9.80718e-03 9.00584e-03 1.06233e-02 1.12859e-02 9.13560e-03 1.39515e-02
1.14950e+03 1.46411e-03 1.25502e-03 1.59712e-03 1.65705e-03 1.24945e-03 2.01030e-03
1.94610e+03 1.62851e-05 1.40795e-05 1.87552e-05 1.71104e-05 1.36736e-05 2.19041e-05
2.73850e+02 2.16727e+00 2.07055e+00 2.23725e+00 2.66333e+00 1.85594e+00 3.46487e+00
2.49310e+03 8.86863e-07 7.61251e-07 1.06497e-06 9.32724e-07 7.41903e-07 1.21255e-06
1.60390e+03 1.04851e-04 9.28956e-05 1.15331e-04 1.12404e-04 8.71594e-05 1.42595e-04
4.67800e+02 2.25535e-01 2.11627e-01 2.41757e-01 2.67703e-01 2.02349e-01 3.38313e-01
1.38580e+03 3.51155e-04 3.13574e-04 4.12151e-04 3.84339e-04 3.07532e-04 5.00683e-04
4.71630e+02 2.18802e-01 2.01204e-01 2.32092e-01 2.52855e-01 1.96276e-01 3.23440e-01
1.51460e+03 1.71024e-04 1.50916e-04 2.00710e-04 1.84411e-04 1.46471e-04 2.43668e-04
2.18850e+03 4.37581e-06 3.78679e-06 5.17922e-06 4.63561e-06 3.61141e-06 5.97278e-06
1.62200e+03 9.47936e-05 8.32058e-05 1.07142e-04 1.00551e-04 7.84830e-05 1.26140e-04
2.98370e+03 7.27353e-08 5.95014e-08 8.51160e-08 7.63316e-08 6.00506e-08 1.00458e-07
2.05760e+03 8.98436e-06 7.66598e-06 1.05532e-05 9.19808e-06 6.99591e-06 1.19551e-05
3.84570e+02 5.32928e-01 5.16118e-01 5.63503e-01 6.34429e-01 4.88074e-01 8.30519e-01
1.96130e+03 1.50051e-05 1.32288e-05 1.77195e-05 1.56942e-05 1.20816e-05 2.03030e-05
5.14530e+02 1.45483e-01 1.35321e-01 1.53298e-01 1.68009e-01 1.30847e-01 2.09210e-01
1.07820e+03 2.17405e-03 2.01619e-03 2.51307e-03 2.56071e-03 1.95872e-03 3.15617e-03
1.21800e+03 9.49173e-04 8.74548e-04 1.05806e-03 1.06760e-03 8.25765e-04 1.36830e-03
1.47390e+03 2.16328e-04 1.93518e-04 2.45695e-04 2.32998e-04 1.83322e-04 3.01050e-04
2.29490e+03 2.51774e-06 2.15626e-06 2.94729e-06 2.65764e-06 2.15171e-06 3.44511e-06
3.30980e+02 1.01746e+00 9.66214e-01 1.05457e+00 1.23692e+00 9.27367e-01 1.62898e+00
2.66760e+03 3.51353e-07 3.11167e-07 4.28987e-07 3.80751e-07 3.04101e-07 4.97888e-07
4.99430e+02 1.67254e-01 1.55495e-01 1.77117e-01 1.95184e-01 1.51598e-01 2.49602e-01
1.31880e+02 3.07017e+01 3.14607e+01 2.98954e+01 4.50802e+01 2.71172e+01 5.92765e+01
2.18720e+03 4.47323e-06 3.72317e-06 5.22534e-06 4.80456e-06 3.75412e-06 6.13507e-06
2.95150e+03 8.44393e-08 7.16461e-08 1.00330e-07 9.04662e-08 7.06570e-08 1.15832e-07
9.82180e+02 4.20620e-03 3.79438e-03 4.50856e-03 4.57686e-03 3.58262e-03 5.83748e-03
1.76230e+03 4.33296e-05 3.87887e-05 4.97117e-05 4.71759e-05 3.80748e-05 6.00145e-05
2.91860e+03 1.00144e-07 8.48291e-08 1.15960e-07 1.07497e-07 8.36929e-08 1.36406e-07
6.81010e+02 3.60108e-02 3.19146e-02 4.00743e-02 4.02194e-02 3.14096e-02 5.15707e-02
4.40030e+02 3.01726e-01 2.85927e-01 3.19376e-01 3.47891e-01 2.66723e-01 4.57207e-01
1.28650e+03 6.35852e-04 5.62307e-04 7.27915e-04 7.10468e-04 5.64468e-04 8.52686e-04
6.32050e+02 5.25474e-02 4.84489e-02 5.76827e-02 5.94081e-02 4.60548e-02 7.59605e-02
1.49690e+03 1.84035e-04 1.69672e-04 2.19238e-04 2.04057e-04 1.63395e-04 2.55595e-04
8.70030e+02 8.66798e-03 8.03282e-03 9.73425e-03 9.90666e-03 8.02858e-03 1.23542e-02
1.35110e+03 4.21421e-04 3.91941e-04 5.00881e-04 4.81081e-04 3.71714e-04 6.21835e-04
5.30200e+02 1.26734e-01 1.15718e-01 1.36332e-01 1.46495e-01 1.11297e-01 1.87001e-01
4.18260e+02 3.72162e-01 3.49287e-01 3.93672e-01 4.54733e-01 3.25121e-01 5.74565e-01
1.32530e+02 3.03708e+01 3.09247e+01 3.00705e+01 4.31784e+01 2.55150e+01 5.81014e+01
5.31410e+02 1.25724e-01 1.16268e-01 1.32972e-01 1.42972e-01 1.11398e-01 1.86351e-01
8.12810e+02 1.32867e-02 1.21314e-02 1.48983e-02 1.49195e-02 1.19391e-02 1.86271e-02
1.23100e+03 8.65209e-04 7.83081e-04 1.02002e-03 9.79013e-04 7.69010e-04 1.22502e-03
2.12310e+03 6.28754e-06 5.47203e-06 7.33498e-06 6.69512e-06 5.21002e-06 8.69478e-06
1.71140e+03 5.78918e-05 5.04155e-05 6.56964e-05 6.13113e-05 5.01847e-05 7.88437e-05
1.82270e+03 3.14984e-05 2.65952e-05 3.66720e-05 3.26000e-05 2.61887e-05 4.26841e-05
4.24970e+02 3.48865e-01 3.26520e-01 3.68037e-01 4.03833e-01 3.17183e-01 5.30534e-01
2.18110e+03 4.50471e-06 3.81758e-06 5.52660e-06 4.97938e-06 3.89352e-06 6.44200e-06
1.67050e+03 7.20352e-05 6.30183e-05 8.32520e-05 7.70807e-05 6.17467e-05 9.82259e-05
7.16140e+02 2.78950e-02 2.51020e-02 2.89139e-02 3.01841e-02 2.37891e-02 3.80074e-02
5.42340e+02 1.12304e-01 1.06898e-01 1.21741e-01 1.27940e-01 1.00184e-01 1.66011e-01
1.56280e+03 1.30180e-04 1.13220e-04 1.45628e-04 1.40835e-04 1.08689e-04 1.82178e-04
7.50980e+02 2.11631e-02 1.94304e-02 2.32919e-02 2.28703e-02 1.90355e-02 2.91232e-02
1.60390e+03 1.03408e-04 9.20522e-05 1.17001e-04 1.11650e-04 8.90770e-05 1.42752e-04
6.88940e+02 3.25456e-02 2.99003e-02 3.61708e-02 3.81055e-02 2.96547e-02 4.84369e-02
1.18210e+03 1.18318e-03 1.08328e-03 1.30094e-03 1.31096e-03 1.00468e-03 1.65637e-03
1.66620e+03 7.46138e-05 6.39661e-05 8.37457e-05 7.76048e-05 6.20527e-05 1.02788e-04
1.93850e+03 1.68286e-05 1.44784e-05 1.93931e-05 1.80469e-05 1.42161e-05 2.27600e-05
1.09530e+03 2.04563e-03 1.89247e-03 2.29978e-03 2.26910e-03 1.80802e-03 2.80983e-03
1.65650e+03 7.55835e-05 6.76480e-05 9.16479e-05 8.48789e-05 6.59751e-05 1.06530e-04
4.68680e+02 2.25044e-01 2.13126e-01 2.40569e-01 2.60786e-01 2.03284e-01 3.37483e-01
2.42930e+03 1.23037e-06 1.07369e-06 1.45532e-06 1.33626e-06 1.06529e-06 1.72557e-06
2.64460e+03 4.13645e-07 3.39483e-07 4.75064e-07 4.29753e-07 3.41360e-07 5.51169e-07
1.06400e+03 2.45294e-03 2.18934e-03 2.82410e-03 2.64745e-03 2.08226e-03 3.47860e-03
7.43000e+02 2.14017e-02 1.97317e-02 2.39377e-02 2.52693e-02 1.93786e-02 3.20201e-02
1.43890e+03 2.70169e-04 2.26709e-04 2.99249e-04 2.85319e-04 2.24056e-04 3.63626e-04
6.15830e+02 5.91389e-02 5.53074e-02 6.31333e-02 6.76731e-02 5.35444e-02 8.72411e-02
1.13260e+03 1.61967e-03 1.48445e-03 1.78468e-03 1.77471e-03 1.40757e-03 2.19489e-03
9.30030e+02 6.05537e-03 5.45778e-03 6.55388e-03 6.39627e-03 5.06860e-03 8.39396e-03
1.77580e+03 4.02406e-05 3.43379e-05 4.65050e-05 4.36854e-05 3.50244e-05 5.48187e-05
2.18560e+03 4.53213e-06 3.86673e-06 5.28505e-06 4.79904e-06 3.77339e-06 6.10178e-06
9.99310e+02 3.71831e-03 3.35249e-03 4.16145e-03 4.14225e-03 3.34858e-03 5.30758e-03
1.00670e+03 3.52709e-03 3.12380e-03 3.92583e-03 4.02392e-03 3.21894e-03 5.04488e-03
1.50930e+03 1.76380e-04 1.56761e-04 2.04272e-04 1.90076e-04 1.54117e-04 2.48614e-04
1.65340e+03 7.86377e-05 6.79949e-05 9.00221e-05 8.59243e-05 6.80488e-05 1.09958e-04
1.33010e+03 4.87688e-04 4.51317e-04 5.53131e-04 5.19129e-04 4.23370e-04 6.74449e-04
2.79060e+03 1.89944e-07 1.63214e-07 2.24894e-07 2.04065e-07 1.57495e-07 2.55976e-07
8.29250e+02 1.14956e-02 1.08326e-02 1.29341e-02 1.37604e-02 1.02020e-02 1.68314e-02
3.23470e+03 2.13429e-08 1.77417e-08 2.52384e-08 2.25640e-08 1.74430e-08 2.87284e-08
6.26170e+02 5.32349e-02 4.96365e-02 5.88806e-02 6.21796e-02 4.99765e-02 7.84875e-02
3.83370e+02 5.47988e-01 5.12471e-01 5.76906e-01 6.59411e-01 4.90177e-01 8.27545e-01
1.77490e+03 4.05808e-05 3.57271e-05 4.65679e-05 4.28936e-05 3.42759e-05 5.62170e-05
8.44180e+02 1.07809e-02 9.61716e-03 1.16715e-02 1.21824e-02 9.69441e-03 1.50015e-02
1.21870e+03 9.37939e-04 8.36659e-04 1.06151e-03 1.04659e-03 8.08183e-04 1.30184e-03
1.90480e+03 1.97751e-05 1.68929e-05 2.33686e-05 2.17920e-05 1.71480e-05 2.81171e-05
1.83970e+03 2.89465e-05 2.44454e-05 3.29233e-05 3.05784e-05 2.41015e-05 3.97463e-05
1.53300e+03 1.56650e-04 1.36919e-04 1.75038e-04 1.71945e-04 1.31202e-04 2.10206e-04
1.60040e+03 1.04866e-04 9.23408e-05 1.21293e-04 1.15166e-04 9.40071e-05 1.49168e-04
5.43370e+02 1.10394e-01 1.06350e-01 1.21234e-01 1.29596e-01 9.62438e-02 1.62849e-01
2.50220e+03 8.34598e-07 7.26940e-07 9.86862e-07 8.79332e-07 7.13435e-07 1.17249e-06
9.99190e+02 3.80143e-03 3.31755e-03 4.19570e-03 4.20903e-03 3.28316e-03 5.23392e-03
3.36760e+03 1.13170e-08 9.80771e-09 1.40050e-08 1.23107e-08 9.90048e-09 1.60612e-08
2.56520e+03 6.12371e-07 5.21802e-07 7.22710e-07 6.61964e-07 5.04072e-07 8.32105e-07
1.05490e+03 2.72472e-03 2.29854e-03 3.01484e-03 2.90929e-03 2.29416e-03 3.70027e-03
1.13050e+03 1.64186e-03 1.47837e-03 1.84509e-03 1.78530e-03 1.40767e-03 2.25019e-03
9.12460e+02 6.55329e-03 6.25294e-03 7.49635e-03 7.45999e-03 5.96905e-03 9.29114e-03
2.46110e+03 1.03784e-06 8.82841e-07 1.22956e-06 1.12319e-06 8.51962e-07 1.45145e-06
2.10080e+02 5.99951e+00 5.84491e+00 5.99353e+00 7.64322e+00 5.32991e+00 1.01958e+01
1.25400e+03 7.75425e-04 6.78068e-04 8.73252e-04 8.41025e-04 6.72742e-04 1.06046e-03
8.47140e+02 1.06397e-02 9.37678e-03 1.13270e-02 1.17291e-02 9.27875e-03 1.47066e-02
1.84970e+03 2.75255e-05 2.34606e-05 3.18928e-05 2.86370e-05 2.26363e-05 3.79876e-05
2.43930e+03 1.19432e-06 9.93150e-07 1.38319e-06 1.29025e-06 1.00970e-06 1.63962e-06
1.71690e+03 5.59992e-05 4.86810e-05 6.49363e-05 5.87093e-05 4.69687e-05 7.61866e-05
1.93030e+03 1.76228e-05 1.51361e-05 2.02578e-05 1.91092e-05 1.47773e-05 2.43601e-05
1.78540e+03 3.85617e-05 3.40248e-05 4.38499e-05 4.18492e-05 3.28040e-05 5.30034e-05
1.98950e+02 7.29162e+00 7.09747e+00 7.30315e+00 9.51360e+00 6.49198e+00 1.28319e+01
9.05410e+02 6.74134e-03 6.29093e-03 7.85377e-03 7.54475e-03 6.12275e-03 9.90764e-03
6.38470e+02 4.99666e-02 4.59371e-02 5.33602e-02 5.73546e-02 4.26598e-02 7.26852e-02
1.73500e+03 4.97498e-05 4.47613e-05 5.75949e-05 5.23703e-05 4.20228e-05 6.93491e-05
1.81690e+03 3.23681e-05 2.89561e-05 3.74356e-05 3.49058e-05 2.70647e-05 4.41854e-05
5.88790e+02 7.60502e-02 6.81187e-02 7.96663e-02 8.54715e-02 6.66730e-02 1.09459e-01
2.16590e+03 4.88808e-06 4.30244e-06 5.84640e-06 5.33736e-06 4.14822e-06 6.89878e-06
8.31810e+02 1.13723e-02 1.02396e-02 1.26033e-02 1.33297e-02 9.76992e-03 1.66428e-02
2.13770e+02 5.55557e+00 5.47321e+00 5.64097e+00 7.17271e+00 4.87146e+00 9.47870e+00
1.13800e+03 1.55826e-03 1.41187e-03 1.77417e-03 1.71859e-03 1.35368e-03 2.10342e-03
1.96650e+03 1.41522e-05 1.23780e-05 1.68016e-05 1.56669e-05 1.20691e-05 1.99549e-05
9.08610e+02 6.87113e-03 6.04622e-03 7.68466e-03 7.58301e-03 6.31119e-03 9.51352e-03
1.65290e+03 8.04488e-05 7.09040e-05 9.10044e-05 8.75561e-05 6.62861e-05 1.06946e-04
6.74220e+02 3.72452e-02 3.48543e-02 4.16258e-02 4.13985e-02 3.37264e-02 5.21946e-02
2.54170e+03 6.90479e-07 6.03290e-07 8.30808e-07 7.20838e-07 5.87598e-07 9.50437e-07
2.25260e+03 3.04217e-06 2.67516e-06 3.68909e-06 3.39787e-06 2.59555e-06 4.21285e-06
2.25100e+03 3.17858e-06 2.71025e-06 3.68617e-06 3.33167e-06 2.66499e-06 4.25696e-06
8.84350e+02 8.28263e-03 7.09978e-03 8.93178e-03 9.10334e-03 7.30561e-03 1.13544e-02
4.72540e+02 2.17951e-01 1.99901e-01 2.26897e-01 2.55248e-01 1.97060e-01 3.27943e-01
1.68880e+02 1.30324e+01 1.30503e+01 1.31107e+01 1.72767e+01 1.15749e+01 2.32698e+01
1.58680e+03 1.12301e-04 1.03789e-04 1.31553e-04 1.25859e-04 9.39939e-05 1.58779e-04
8.42600e+02 1.02563e-02 9.36814e-03 1.19124e-02 1.19665e-02 9.83135e-03 1.54213e-02
9.59080e+02 4.88029e-03 4.31738e-03 5.30572e-03 5.29056e-03 4.41284e-03 6.89653e-03
7.20490e+02 2.56204e-02 2.42047e-02 2.97777e-02 2.98486e-02 2.36544e-02 3.66858e-02
3.32690e+03 1.39511e-08 1.15958e-08 1.63055e-08 1.46643e-08 1.20392e-08 1.94012e-08
1.90450e+03 1.99185e-05 1.77822e-05 2.43030e-05 2.23520e-05 1.70817e-05 2.78843e-05
1.04800e+03 2.65461e-03 2.51836e-03 3.04515e-03 3.02881e-03 2.38986e-03 3.83684e-03
7.98050e+02 1.42465e-02 1.38801e-02 1.61477e-02 1.65604e-02 1.34204e-02 2.08191e-02
9.21000e+02 6.41501e-03 5.69464e-03 6.86121e-03 6.69000e-03 5.42732e-03 9.03990e-03
7.42070e+02 2.18789e-02 2.01429e-02 2.49651e-02 2.47800e-02 1.89027e-02 3.29286e-02
4.98000e+02 1.68113e-01 1.59269e-01 1.79557e-01 1.99325e-01 1.51008e-01 2.52432e-01
2.20610e+03 4.03003e-06 3.47390e-06 4.79761e-06 4.24035e-06 3.35154e-06 5.36052e-06
9.69850e+02 4.64804e-03 4.05330e-03 4.90065e-03 4.98528e-03 4.00146e-03 6.40288e-03
1.94470e+03 1.63310e-05 1.41023e-05 1.86674e-05 1.73279e-05 1.41566e-05 2.23338e-05
1.62110e+03 9.48686e-05 8.33700e-05 1.09396e-04 1.03678e-04 7.97621e-05 1.32495e-04
1.42480e+03 2.85623e-04 2.54153e-04 3.28565e-04 3.12726e-04 2.52689e-04 4.06349e-04
1.55780e+03 1.32666e-04 1.18248e-04 1.50233e-04 1.42533e-04 1.13039e-04 1.87594e-04
1.15300e+03 1.39428e-03 1.22590e-03 1.60594e-03 1.55258e-03 1.27164e-03 2.01818e-03
1.07270e+03 2.35825e-03 2.11614e-03 2.56604e-03 2.59040e-03 2.09572e-03 3.30607e-03
1.25250e+03 7.91684e-04 7.07443e-04 9.06496e-04 8.38926e-04 6.68596e-04 1.06953e-03
1.20960e+03 9.86730e-04 8.88753e-04 1.10819e-03 1.08799e-03 8.62830e-04 1.41977e-03
8.72820e+02 8.65942e-03 7.96606e-03 9.36218e-03 9.72813e-03 7.59585e-03 1.22029e-02
1.83570e+03 2.92189e-05 2.57828e-05 3.36253e-05 3.09906e-05 2.52473e-05 3.98606e-05
4.83410e+02 1.95096e-01 1.80538e-01 2.03789e-01 2.27054e-01 1.74600e-01 2.92699e-01
1.23180e+03 8.92757e-04 7.88448e-04 9.60672e-04 9.84632e-04 7.32351e-04 1.20157e-03
1.54690e+03 1.40346e-04 1.26886e-04 1.67787e-04 1.56010e-04 1.21444e-04 1.96986e-04
7.14790e+02 2.66079e-02 2.47822e-02 2.92519e-02 3.09185e-02 2.50462e-02 3.89941e-02
1.23480e+03 9.02280e-04 7.88088e-04 9.71262e-04 9.57630e-04 7.59533e-04 1.15710e-03
6.35020e+02 5.04958e-02 4.73995e-02 5.50563e-02 5.84347e-02 4.37278e-02 7.38442e-02
2.98950e+03 6.92691e-08 5.92746e-08 8.47742e-08 7.52596e-08 5.71250e-08 9.51376e-08
1.32210e+03 5.21923e-04 4.62450e-04 6.00231e-04 5.48150e-04 4.54627e-04 7.27511e-04
2.12090e+03 6.34460e-06 5.43566e-06 7.27903e-06 6.74915e-06 5.39621e-06 8.31146e-06
1.20770e+03 1.02966e-03 9.49469e-04 1.16630e-03 1.10603e-03 8.86866e-04 1.39953e-03
7.04640e+02 2.93437e-02 2.69965e-02 3.23397e-02 3.41404e-02 2.66192e-02 4.31403e-02
1.67800e+03 6.84338e-05 6.15162e-05 7.95005e-05 7.53398e-05 5.81705e-05 9.36372e-05
1.67170e+03 7.20832e-05 6.23245e-05 8.27918e-05 7.77884e-05 6.18424e-05 9.70705e-05
2.29460e+03 2.54557e-06 2.19221e-06 3.00784e-06 2.64420e-06 2.11566e-06 3.43345e-06
8.20230e+02 1.27615e-02 1.12637e-02 1.36419e-02 1.42864e-02 1.15210e-02 1.83655e-02
1.11770e+03 1.74522e-03 1.58577e-03 1.99098e-03 2.00356e-03 1.52038e-03 2.44802e-03
3.08850e+02 1.35111e+00 1.27896e+00 1.37833e+00 1.61669e+00 1.21341e+00 2.15593e+00
9.65100e+02 4.57426e-03 4.16686e-03 5.34908e-03 5.13677e-03 4.20518e-03 6.66258e-03
4.25030e+02 3.48544e-01 3.27088e-01 3.69786e-01 4.09539e-01 3.14046e-01 5.29302e-01
1.21930e+03 9.65045e-04 8.52102e-04 1.07498e-03 1.06763e-03 8.05267e-04 1.32204e-03
2.87340e+03 1.26209e-07 1.05082e-07 1.46933e-07 1.29287e-07 1.02431e-07 1.67284e-07
1.76980e+03 4.28221e-05 3.61035e-05 4.77424e-05 4.51140e-05 3.66608e-05 5.74212e-05
2.55820e+03 6.21611e-07 5.34716e-07 7.47629e-07 6.55178e-07 5.13483e-07 8.73755e-07
4.16930e+02 3.76989e-01 3.60335e-01 4.03010e-01 4.46073e-01 3.47613e-01 5.74784e-01
2.21540e+03 3.74160e-06 3.25552e-06 4.47962e-06 4.08729e-06 3.13827e-06 5.41467e-06
2.04180e+03 9.84876e-06 8.49165e-06 1.11015e-05 1.03628e-05 8.04610e-06 1.31091e-05
6.80350e+02 3.59619e-02 3.23501e-02 3.78736e-02 4.03777e-02 3.14869e-02 4.97771e-02
2.28350e+03 2.63928e-06 2.31086e-06 3.17282e-06 2.86678e-06 2.23105e-06 3.69208e-06
1.11800e+03 1.77112e-03 1.54795e-03 2.01210e-03 1.98785e-03 1.52586e-03 2.42885e-03
1.25560e+03 7.60915e-04 6.82759e-04 8.52359e-04 8.46720e-04 6.46254e-04 1.04581e-03
1.10220e+03 1.95517e-03 1.73637e-03 2.18446e-03 2.13366e-03 1.72536e-03 2.79343e-03
5.19270e+02 1.35094e-01 1.29684e-01 1.50066e-01 1.60673e-01 1.22975e-01 2.07951e-01
1.88490e+02 8.94791e+00 8.73618e+00 9.02142e+00 1.21487e+01 7.80741e+00 1.55719e+01
1.89480e+03 2.16825e-05 1.85620e-05 2.43653e-05 2.25707e-05 1.82945e-05 2.91085e-05
1.19160e+03 1.12177e-03 9.99153e-04 1.26791e-03 1.20321e-03 9.83957e-04 1.56760e-03
3.73850e+02 6.12654e-01 5.76981e-01 6.39007e-01 7.12377e-01 5.50367e-01 9.60150e-01
9.70250e+02 4.41601e-03 4.05837e-03 5.08776e-03 4.98198e-03 3.84061e-03 6.38978e-03
2.96710e+03 7.77170e-08 6.46143e-08 9.24730e-08 8.20033e-08 6.56087e-08 1.06222e-07
6.06560e+02 6.62387e-02 6.03693e-02 7.04687e-02 7.19213e-02 5.64054e-02 9.48061e-02
1.05110e+03 2.74832e-03 2.41333e-03 3.05795e-03 3.02107e-03 2.43569e-03 3.74189e-03
8.82360e+02 8.17102e-03 7.33795e-03 9.00892e-03 9.22693e-03 7.02470e-03 1.15320e-02
8.08200e+02 1.37447e-02 1.27850e-02 1.49160e-02 1.54935e-02 1.20381e-02 1.94458e-02
8.63850e+02 9.45125e-03 8.57986e-03 1.02621e-02 1.04197e-02 7.99886e-03 1.31647e-02
7.04270e+02 2.92684e-02 2.66803e-02 3.15826e-02 3.43149e-02 2.62466e-02 4.22840e-02
2.47840e+03 9.54516e-07 8.33092e-07 1.12230e-06 1.00115e-06 8.05979e-07 1.33750e-06
1.53420e+03 1.56188e-04 1.35984e-04 1.75871e-04 1.64320e-04 1.35634e-04 2.08915e-04
3.17810e+03 2.74568e-08 2.40412e-08 3.33134e-08 3.02221e-08 2.35878e-08 3.81423e-08
1.38150e+03 3.67757e-04 3.30084e-04 4.13075e-04 4.06262e-04 3.20964e-04 5.08807e-04
1.02600e+03 3.19479e-03 2.86446e-03 3.53361e-03 3.49533e-03 2.80919e-03 4.43262e-03
4.21650e+02 3.59588e-01 3.45770e-01 3.84369e-01 4.29077e-01 3.18995e-01 5.61895e-01
1.55640e+03 1.33643e-04 1.22922e-04 1.54164e-04 1.45054e-04 1.17398e-04 1.85119e-04
2.02520e+03 1.00995e-05 8.91058e-06 1.25111e-05 1.10773e-05 9.01141e-06 1.42065e-05
2.27660e+03 2.81111e-06 2.44397e-06 3.32173e-06 2.98499e-06 2.32323e-06 3.69607e-06
2.65260e+03 3.83072e-07 3.28004e-07 4.64003e-07 3.99707e-07 3.22403e-07 5.30951e-07
1.27270e+03 6.92474e-04 6.10506e-04 7.81148e-04 7.31980e-04 5.95411e-04 9.40404e-04
6.62160e+02 4.14475e-02 3.85716e-02 4.48143e-02 4.59696e-02 3.66058e-02 5.95764e-02
5.56220e+02 9.89165e-02 9.35632e-02 1.07840e-01 1.15144e-01 8.73990e-02 1.46297e-01
1.32290e+03 5.02668e-04 4.53461e-04 5.87636e-04 5.60001e-04 4.51645e-04 7.18728e-04
1.71850e+03 5.53731e-05 4.76530e-05 6.38085e-05 5.85570e-05 4.76961e-05 7.67260e-05
5.92390e+02 7.12531e-02 6.76178e-02 7.64379e-02 8.33435e-02 6.46395e-02 1.06803e-01
1.02080e+03 3.15058e-03 2.84804e-03 3.54858e-03 3.58488e-03 2.83792e-03 4.59152e-03
1.30880e+03 5.52615e-04 5.08549e-04 6.16351e-04 6.16703e-04 4.84808e-04 7.62461e-04
5.95480e+02 7.08240e-02 6.74232e-02 7.57128e-02 8.09464e-02 6.30127e-02 1.02282e-01
1.01420e+03 3.44426e-03 3.10300e-03 3.89689e-03 3.64654e-03 3.03737e-03 4.78193e-03
1.01850e+03 3.33182e-03 2.92176e-03 3.72964e-03 3.63422e-03 2.85926e-03 4.60373e-03
3.27020e+02 1.05039e+00 1.02978e+00 1.12990e+00 1.27642e+00 9.36485e-01 1.72174e+00
3.34680e+02 9.67185e-01 9.28986e-01 1.00523e+00 1.17628e+00 8.65139e-01 1.52370e+00
3.12550e+02 1.29024e+00 1.22829e+00 1.31820e+00 1.52362e+00 1.17672e+00 2.06871e+00
1.23600e+03 8.57785e-04 7.82780e-04 9.46606e-04 9.30319e-04 7.64833e-04 1.18730e-03
2.01310e+03 1.12058e-05 9.92115e-06 1.33078e-05 1.20334e-05 9.49357e-06 1.50594e-05
9.09250e+02 6.53810e-03 5.88029e-03 7.60746e-03 7.45959e-03 6.06022e-03 9.66090e-03
1.36890e+03 3.89598e-04 3.44370e-04 4.49277e-04 4.21887e-04 3.36542e-04 5.45775e-04
1.92120e+03 1.82298e-05 1.57148e-05 2.16663e-05 2.04319e-05 1.58260e-05 2.48437e-05
1.38160e+03 3.72004e-04 3.22277e-04 4.14077e-04 3.90019e-04 3.16823e-04 5.09059e-04
2.23390e+03 3.47886e-06 2.96831e-06 4.05753e-06 3.71108e-06 2.98314e-06 4.88848e-06
2.39770e+03 1.43391e-06 1.24095e-06 1.74227e-06 1.55631e-06 1.24439e-06 2.06964e-06
2.07340e+03 8.36733e-06 6.95657e-06 9.36538e-06 8.67499e-06 6.80102e-06 1.14322e-05
1.90160e+03 2.04732e-05 1.77278e-05 2.39930e-05 2.24123e-05 1.74352e-05 2.81485e-05
1.04240e+03 2.86530e-03 2.57421e-03 3.15545e-03 3.08693e-03 2.46099e-03 4.00233e-03
8.37860e+02 1.08634e-02 9.82739e-03 1.22677e-02 1.19530e-02 9.91812e-03 1.56546e-02
4.09560e+02 4.07812e-01 3.88703e-01 4.34972e-01 4.89350e-01 3.57746e-01 6.28438e-01
4.14410e+02 3.91959e-01 3.67096e-01 4.05658e-01 4.65247e-01 3.53975e-01 6.05529e-01
9.12980e+02 6.44931e-03 5.90372e-03 7.38124e-03 7.29264e-03 6.03798e-03 8.91723e-03
2.46220e+03 1.03767e-06 9.18396e-07 1.25143e-06 1.09789e-06 8.80219e-07 1.46592e-06
2.97620e+02 1.53237e+00 1.51679e+00 1.61033e+00 1.90823e+00 1.36983e+00 2.51032e+00
1.72980e+03 5.27951e-05 4.51797e-05 5.88338e-05 5.69041e-05 4.29632e-05 7.11965e-05
9.59690e+02 4.75437e-03 4.35482e-03 5.29456e-03 5.32843e-03 4.22130e-03 6.95249e-03
1.36240e+03 3.97672e-04 3.63601e-04 4.54066e-04 4.47847e-04 3.60841e-04 5.75879e-04
1.66150e+03 7.54454e-05 6.50606e-05 8.76857e-05 8.12880e-05 6.34791e-05 1.02977e-04
4.52620e+02 2.63516e-01 2.48363e-01 2.80773e-01 3.03787e-01 2.36861e-01 3.99380e-01
2.19730e+03 4.16051e-06 3.69522e-06 5.07858e-06 4.48145e-06 3.54492e-06 5.76208e-06
6.70230e+02 3.82784e-02 3.43075e-02 4.21991e-02 4.29056e-02 3.42664e-02 5.60278e-02
1.89910e+03 2.03162e-05 1.80936e-05 2.46566e-05 2.23649e-05 1.74136e-05 2.92905e-05
4.25010e+02 3.52383e-01 3.24431e-01 3.74570e-01 4.07924e-01 3.10326e-01 5.33959e-01
1.59760e+03 1.08339e-04 9.41831e-05 1.25287e-04 1.17249e-04 9.16831e-05 1.44958e-04
1.75800e+03 4.41387e-05 3.95418e-05 5.23309e-05 4.85624e-05 3.62393e-05 6.12549e-05
4.34510e+02 3.18263e-01 2.93521e-01 3.31619e-01 3.69258e-01 2.71690e-01 4.78084e-01
8.53260e+02 9.87657e-03 8.98821e-03 1.08509e-02 1.10610e-02 8.75044e-03 1.37771e-02
1.39940e+03 3.31124e-04 2.88854e-04 3.81478e-04 3.64220e-04 2.95714e-04 4.59431e-04
1.04190e+03 2.88686e-03 2.48107e-03 3.17288e-03 3.16596e-03 2.48408e-03 3.96633e-03
3.26350e+03 1.87936e-08 1.54607e-08 2.23106e-08 1.93775e-08 1.56360e-08 2.51640e-08
1.97150e+03 1.41300e-05 1.22566e-05 1.63921e-05 1.47710e-05 1.17809e-05 1.91308e-05
1.15510e+03 1.41362e-03 1.23523e-03 1.50898e-03 1.54009e-03 1.23897e-03 2.00022e-03
2.46170e+03 1.03729e-06 8.93390e-07 1.22671e-06 1.09416e-06 8.84471e-07 1.45674e-06
2.10050e+03 7.04656e-06 6.16779e-06 8.19624e-06 7.54881e-06 6.03671e-06 9.88452e-06
9.52360e+02 5.14251e-03 4.68584e-03 5.48330e-03 5.55044e-03 4.25731e-03 6.98916e-03
1.26360e+03 7.19147e-04 6.55124e-04 8.12736e-04 7.65196e-04 6.52111e-04 9.93926e-04
2.78860e+03 1.93540e-07 1.63191e-07 2.28258e-07 1.98869e-07 1.65160e-07 2.64597e-07
3.22870e+03 2.19744e-08 1.84431e-08 2.59927e-08 2.33018e-08 1.86800e-08 2.99214e-08
5.74390e+02 8.60893e-02 7.68065e-02 9.02597e-02 9.52564e-02 7.40012e-02 1.23645e-01
1.49590e+03 1.89420e-04 1.69136e-04 2.16335e-04 2.02666e-04 1.70947e-04 2.62543e-04
5.87500e+02 7.62434e-02 7.06762e-02 7.99553e-02 8.73447e-02 6.79756e-02 1.12763e-01
1.87310e+03 2.31211e-05 2.08918e-05 2.76693e-05 2.50906e-05 1.99522e-05 3.25568e-05
1.82860e+03 3.01290e-05 2.62395e-05 3.57152e-05 3.32449e-05 2.55393e-05 4.07453e-05
1.13810e+03 1.62993e-03 1.43949e-03 1.77190e-03 1.70394e-03 1.36255e-03 2.20199e-03
7.52580e+02 2.03761e-02 1.85792e-02 2.24998e-02 2.22562e-02 1.86306e-02 2.86496e-02
1.11830e+03 1.71522e-03 1.57651e-03 2.02675e-03 1.90679e-03 1.57593e-03 2.42760e-03
1.18690e+03 1.13042e-03 1.03490e-03 1.26882e-03 1.23656e-03 9.89698e-04 1.60775e-03
2.12140e+03 6.30471e-06 5.54386e-06 7.36204e-06 6.80997e-06 5.21128e-06 8.58772e-06
2.25130e+03 3.20046e-06 2.74717e-06 3.71834e-06 3.43763e-06 2.66373e-06 4.41951e-06
2.04900e+03 9.31383e-06 7.90890e-06 1.10016e-05 9.90423e-06 7.76819e-06 1.28425e-05
1.25430e+03 7.73295e-04 7.06804e-04 8.59884e-04 8.29446e-04 6.55202e-04 1.09825e-03
2.43800e+03 1.19226e-06 1.00633e-06 1.40875e-06 1.23104e-06 9.78130e-07 1.61887e-06
1.42500e+03 2.85313e-04 2.51315e-04 3.27385e-04 3.13198e-04 2.46601e-04 3.80556e-04
2.68980e+02 2.32669e+00 2.24693e+00 2.39736e+00 2.90943e+00 2.05865e+00 3.77483e+00
6.05020e+02 6.55117e-02 6.08043e-02 6.93727e-02 7.65696e-02 5.71358e-02 9.50181e-02
3.02950e+03 5.60904e-08 4.87837e-08 6.98905e-08 6.10674e-08 4.84605e-08 7.92675e-08
5.70760e+02 8.62198e-02 8.12918e-02 9.45088e-02 1.01264e-01 7.72397e-02 1.29144e-01
1.20240e+03 1.04334e-03 9.39273e-04 1.16033e-03 1.14810e-03 9.24399e-04 1.43178e-03
3.16900e+03 2.86665e-08 2.40975e-08 3.55841e-08 3.07100e-08 2.47435e-08 4.02804e-08
1.12840e+03 1.68309e-03 1.46430e-03 1.84820e-03 1.83909e-03 1.47446e-03 2.34092e-03
6.01300e+02 6.58225e-02 6.19993e-02 7.18793e-02 7.68132e-02 5.99192e-02 9.88881e-02
1.54920e+03 1.42052e-04 1.24073e-04 1.64537e-04 1.50626e-04 1.26345e-04 1.94032e-04
1.31900e+03 5.17501e-04 4.79533e-04 5.90332e-04 5.63468e-04 4.40767e-04 7.36558e-04
8.96560e+02 7.47995e-03 6.97358e-03 8.21912e-03 8.49918e-03 6.39852e-03 1.04172e-02
6.41330e+02 4.82556e-02 4.35391e-02 5.07996e-02 5.71728e-02 4.29419e-02 7.14888e-02
9.58820e+02 4.94032e-03 4.29833e-03 5.36764e-03 5.46470e-03 4.41807e-03 6.84387e-03
1.18260e+03 1.19336e-03 1.03943e-03 1.33962e-03 1.29208e-03 1.03712e-03 1.64769e-03
9.75520e+02 4.16329e-03 3.97636e-03 4.95392e-03 4.92137e-03 3.92614e-03 6.30995e-03
1.75620e+03 4.64216e-05 3.91631e-05 5.14373e-05 4.74767e-05 3.81055e-05 6.24576e-05
3.75500e+02 6.04611e-01 5.67119e-01 6.22704e-01 7.11817e-01 5.33153e-01 9.40151e-01
1.73550e+03 5.00347e-05 4.40908e-05 5.83321e-05 5.41063e-05 4.27243e-05 6.74301e-05
4.96100e+02 1.73562e-01 1.57693e-01 1.82954e-01 1.95262e-01 1.56013e-01 2.56306e-01
7.73330e+02 1.79828e-02 1.59560e-02 1.93565e-02 2.01950e-02 1.56603e-02 2.53927e-02
1.94500e+03 1.59445e-05 1.41841e-05 1.88449e-05 1.75507e-05 1.37046e-05 2.26502e-05
5.40240e+02 1.15635e-01 1.06948e-01 1.22854e-01 1.34402e-01 1.01912e-01 1.70707e-01
1.81910e+03 3.18448e-05 2.76709e-05 3.81017e-05 3.36136e-05 2.74553e-05 4.29708e-05
7.98930e+02 1.48150e-02 1.36339e-02 1.59130e-02 1.68601e-02 1.24264e-02 2.05644e-02
9.41950e+02 5.52102e-03 4.87414e-03 6.06763e-03 6.13054e-03 4.85046e-03 7.54173e-03
1.49470e+03 1.89194e-04 1.72108e-04 2.26379e-04 2.06298e-04 1.62785e-04 2.62459e-04
4.59040e+02 2.44581e-01 2.29945e-01 2.62995e-01 2.96282e-01 2.22235e-01 3.77965e-01
9.24580e+02 5.94721e-03 5.65256e-03 6.61374e-03 7.11146e-03 5.33697e-03 8.94801e-03
2.37070e+03 1.71614e-06 1.46812e-06 2.00645e-06 1.79811e-06 1.38559e-06 2.26910e-06
2.94420e+03 8.72572e-08 7.46081e-08 1.05186e-07 9.48091e-08 7.03669e-08 1.17808e-07
1.46130e+03 2.34092e-04 2.04762e-04 2.61756e-04 2.54601e-04 1.98293e-04 3.12196e-04
2.56960e+03 6.00217e-07 5.15423e-07 7.16647e-07 6.30678e-07 4.69334e-07 8.02266e-07
8.61850e+02 9.24534e-03 8.88285e-03 1.03834e-02 1.04157e-02 8.43356e-03 1.31614e-02
7.47810e+02 2.11094e-02 1.96616e-02 2.31120e-02 2.34308e-02 1.84173e-02 3.00780e-02
8.60900e+02 9.65587e-03 8.50634e-03 1.04918e-02 1.06892e-02 8.37661e-03 1.34585e-02
1.40010e+03 3.24303e-04 2.84467e-04 3.76400e-04 3.60126e-04 2.89561e-04 4.45177e-04
1.25010e+03 7.70378e-04 6.96980e-04 8.92916e-04 8.71759e-04 6.77744e-04 1.09377e-03
2.72460e+03 2.65852e-07 2.26266e-07 3.17608e-07 2.84861e-07 2.20222e-07 3.63677e-07
2.00080e+03 1.18080e-05 1.03783e-05 1.42084e-05 1.25743e-05 1.00690e-05 1.63841e-05
3.23230e+03 2.15600e-08 1.79025e-08 2.56443e-08 2.30614e-08 1.82657e-08 2.95322e-08
1.36430e+03 4.08913e-04 3.55922e-04 4.58035e-04 4.48924e-04 3.52622e-04 5.68375e-04
2.60700e+03 4.91932e-07 4.11913e-07 5.76520e-07 5.18014e-07 4.15815e-07 6.77983e-07
1.68230e+03 6.72871e-05 5.82685e-05 7.89813e-05 7.18101e-05 5.81558e-05 9.36856e-05
2.08960e+03 7.40671e-06 6.40204e-06 8.74233e-06 8.20458e-06 6.21777e-06 1.03147e-05
7.62000e+02 1.89761e-02 1.75547e-02 2.02953e-02 2.17948e-02 1.79654e-02 2.72024e-02
5.42180e+02 1.10637e-01 1.05186e-01 1.19936e-01 1.32263e-01 1.01244e-01 1.65194e-01
8.04010e+02 1.37513e-02 1.34345e-02 1.51721e-02 1.60483e-02 1.23542e-02 1.97846e-02
2.35920e+03 1.78027e-06 1.56504e-06 2.12135e-06 1.92463e-06 1.45453e-06 2.39957e-06
2.06160e+02 6.40432e+00 6.31649e+00 6.45558e+00 8.47881e+00 5.66062e+00 1.10557e+01
3.39540e+02 9.10296e-01 8.85516e-01 9.50678e-01 1.13598e+00 8.14702e-01 1.44192e+00
1.32760e+03 4.94164e-04 4.43853e-04 5.65301e-04 5.27046e-04 4.25075e-04 6.88759e-04
1.52820e+03 1.56321e-04 1.44182e-04 1.81181e-04 1.76066e-04 1.39110e-04 2.18191e-04
9.32250e+02 5.66206e-03 5.24708e-03 6.51638e-03 6.43522e-03 5.03323e-03 8.14671e-03
1.68630e+03 6.58065e-05 5.70880e-05 7.55775e-05 7.11263e-05 5.66899e-05 9.27880e-05
1.02670e+03 3.09190e-03 2.95910e-03 3.47696e-03 3.42884e-03 2.71544e-03 4.43741e-03
1.71050e+03 5.65981e-05 4.93989e-05 6.63773e-05 6.17087e-05 4.83601e-05 8.15180e-05
2.08500e+03 7.65892e-06 6.75565e-06 9.27380e-06 8.26275e-06 6.39224e-06 1.03485e-05
7.86360e+02 1.59422e-02 1.44797e-02 1.72690e-02 1.82762e-02 1.41888e-02 2.31683e-02
7.89890e+02 1.56594e-02 1.47095e-02 1.72641e-02 1.72175e-02 1.34401e-02 2.29847e-02
1.84780e+03 2.74484e-05 2.41029e-05 3.22025e-05 3.00024e-05 2.31623e-05 3.77349e-05
3.88470e+02 5.13244e-01 4.83234e-01 5.52521e-01 6.29561e-01 4.57182e-01 7.93810e-01
2.41760e+03 1.32009e-06 1.11302e-06 1.56285e-06 1.42433e-06 1.10954e-06 1.82499e-06
8.74470e+02 8.59137e-03 8.01625e-03 9.54255e-03 9.86397e-03 7.57516e-03 1.24683e-02
8.16530e+02 1.29945e-02 1.15651e-02 1.36764e-02 1.45962e-02 1.13017e-02 1.82916e-02
8.40060e+02 1.11229e-02 9.80631e-03 1.22296e-02 1.19636e-02 9.82122e-03 1.55385e-02
1.77860e+03 3.99263e-05 3.38410e-05 4.68942e-05 4.11997e-05 3.39515e-05 5.48155e-05
4.53590e+02 2.57132e-01 2.42872e-01 2.75998e-01 3.05601e-01 2.38807e-01 3.83107e-01
1.94990e+03 1.54258e-05 1.39899e-05 1.84998e-05 1.64915e-05 1.35833e-05 2.13363e-05
1.75850e+03 4.43281e-05 3.95493e-05 5.13752e-05 4.78414e-05 3.73120e-05 6.24119e-05
1.56220e+03 1.30882e-04 1.16593e-04 1.50210e-04 1.40283e-04 1.12078e-04 1.82182e-04
6.94460e+02 3.13997e-02 2.90468e-02 3.54113e-02 3.57811e-02 2.89867e-02 4.47022e-02
5.03460e+02 1.60996e-01 1.50558e-01 1.72343e-01 1.87800e-01 1.39719e-01 2.38686e-01
8.41640e+02 1.09996e-02 9.49360e-03 1.21178e-02 1.27117e-02 9.51845e-03 1.51049e-02
7.49890e+02 2.12514e-02 1.92005e-02 2.26980e-02 2.41616e-02 1.87855e-02 3.08763e-02
3.09040e+03 4.26204e-08 3.55372e-08 5.04643e-08 4.43846e-08 3.53281e-08 5.87106e-08
2.27630e+03 2.80511e-06 2.41522e-06 3.23094e-06 2.94350e-06 2.28850e-06 3.85394e-06
2.62870e+03 4.45735e-07 3.79908e-07 5.36756e-07 4.66377e-07 3.64255e-07 6.22251e-07
1.81140e+03 3.36848e-05 2.88000e-05 3.89730e-05 3.56171e-05 2.82431e-05 4.66344e-05
7.56330e+02 2.08680e-02 1.79061e-02 2.20781e-02 2.22422e-02 1.82576e-02 2.86068e-02
1.09150e+03 2.05364e-03 1.85517e-03 2.33355e-03 2.31069e-03 1.87068e-03 2.89477e-03
2.58940e+03 5.29114e-07 4.52475e-07 6.25301e-07 5.62483e-07 4.36315e-07 7.30247e-07
1.21130e+03 9.80811e-04 8.92009e-04 1.09226e-03 1.06082e-03 8.91490e-04 1.41077e-03
7.19310e+02 2.57526e-02 2.43938e-02 2.76347e-02 3.08010e-02 2.27719e-02 3.71201e-02
4.47910e+02 2.73634e-01 2.56170e-01 2.90699e-01 3.27585e-01 2.36549e-01 4.21258e-01
1.12980e+03 1.62524e-03 1.48256e-03 1.83159e-03 1.82461e-03 1.39690e-03 2.26916e-03
2.38900e+03 1.54311e-06 1.31058e-06 1.80005e-06 1.58774e-06 1.28927e-06 2.09060e-06
1.01730e+03 3.26010e-03 2.96672e-03 3.65055e-03 3.64053e-03 2.95651e-03 4.53002e-03
1.20290e+03 1.01555e-03 9.29846e-04 1.19740e-03 1.15363e-03 9.08742e-04 1.41543e-03
8.87440e+02 7.78068e-03 7.30950e-03 8.64298e-03 8.69538e-03 7.05185e-03 1.12991e-02
1.07850e+03 2.22719e-03 2.07344e-03 2.45968e-03 2.57116e-03 2.02541e-03 3.11055e-03
1.41200e+03 2.99518e-04 2.72975e-04 3.49877e-04 3.40011e-04 2.58026e-04 4.22649e-04
1.46720e+03 2.18958e-04 1.99920e-04 2.50073e-04 2.40719e-04 1.94537e-04 3.13178e-04
9.55600e+02 5.05064e-03 4.73583e-03 5.52513e-03 5.46769e-03 4.40140e-03 6.92520e-03
6.36410e+02 5.01751e-02 4.76594e-02 5.47034e-02 5.92198e-02 4.60328e-02 7.14434e-02
5.43170e+02 1.11060e-01 1.04358e-01 1.19174e-01 1.30162e-01 1.01368e-01 1.65711e-01
2.53200e+03 7.25678e-07 6.20672e-07 8.79408e-07 7.62773e-07 5.87617e-07 9.83543e-07
1.49040e+03 1.95618e-04 1.75459e-04 2.26065e-04 2.16506e-04 1.67844e-04 2.76013e-04
9.76810e+02 4.36470e-03 3.85797e-03 4.81626e-03 4.84646e-03 3.70332e-03 6.04390e-03
4.92520e+02 1.76163e-01 1.67160e-01 1.91116e-01 2.10979e-01 1.60481e-01 2.64938e-01
2.13730e+03 5.96358e-06 5.01857e-06 6.79605e-06 6.01406e-06 4.81455e-06 8.03458e-06
7.05010e+02 2.91409e-02 2.72593e-02 3.18969e-02 3.34402e-02 2.57638e-02 4.24322e-02
1.17080e+03 1.28785e-03 1.13814e-03 1.40648e-03 1.35392e-03 1.11452e-03 1.73491e-03
2.68160e+02 2.36981e+00 2.27907e+00 2.41877e+00 2.98683e+00 2.12359e+00 3.88707e+00
9.78500e+02 4.28182e-03 3.91007e-03 4.63114e-03 4.79949e-03 3.74548e-03 5.91616e-03
8.68760e+02 8.94927e-03 8.21384e-03 9.80753e-03 1.02328e-02 7.91144e-03 1.32542e-02
1.05830e+03 2.61943e-03 2.33753e-03 2.87887e-03 2.76150e-03 2.21083e-03 3.58552e-03
7.57670e+02 1.91747e-02 1.77371e-02 2.10106e-02 2.20442e-02 1.72741e-02 2.95196e-02
6.05220e+02 6.48009e-02 6.06308e-02 7.00288e-02 7.32508e-02 5.81390e-02 9.70215e-02
1.70740e+03 5.88379e-05 5.12646e-05 6.70472e-05 6.57668e-05 5.04306e-05 8.33350e-05
8.53830e+02 9.61741e-03 8.81207e-03 1.07669e-02 1.09869e-02 8.48776e-03 1.43647e-02
6.76550e+02 3.70041e-02 3.37149e-02 4.13307e-02 4.30040e-02 3.20969e-02 5.26774e-02
5.27440e+02 1.29446e-01 1.19007e-01 1.37315e-01 1.49804e-01 1.19039e-01 1.88325e-01
2.30980e+03 2.32447e-06 2.00776e-06 2.75956e-06 2.51315e-06 1.95295e-06 3.18831e-06
1.65980e+03 7.59665e-05 6.66400e-05 8.81474e-05 8.24138e-05 6.53616e-05 1.07508e-04
1.38480e+03 3.57019e-04 3.26905e-04 4.07224e-04 3.90158e-04 2.99420e-04 5.17163e-04
1.62070e+03 9.56729e-05 8.22750e-05 1.07240e-04 9.93353e-05 8.02217e-05 1.30973e-04
3.46650e+02 8.31841e-01 8.08647e-01 8.82552e-01 1.00000e+00 7.40055e-01 1.31711e+00
1.31090e+03 5.68552e-04 4.99817e-04 6.37573e-04 5.99013e-04 4.80453e-04 7.73444e-04
1.20980e+03 9.90587e-04 9.18012e-04 1.08766e-03 1.11308e-03 8.82706e-04 1.41970e-03
1.94470e+03 1.60467e-05 1.42452e-05 1.87978e-05 1.73169e-05 1.36685e-05 2.21214e-05
7.16060e+02 2.77571e-02 2.40993e-02 2.88699e-02 3.05893e-02 2.41798e-02 3.79787e-02
1.43810e+03 2.60114e-04 2.35412e-04 2.93276e-04 2.82786e-04 2.22888e-04 3.74412e-04
7.75780e+02 1.77748e-02 1.55832e-02 1.89434e-02 1.93982e-02 1.49878e-02 2.43103e-02
6.91360e+02 3.21412e-02 3.01646e-02 3.57160e-02 3.78664e-02 2.93640e-02 4.83857e-02
9.56580e+02 4.89730e-03 4.50698e-03 5.48332e-03 5.37888e-03 4.35734e-03 6.95931e-03
2.89130e+02 1.73651e+00 1.68308e+00 1.80133e+00 2.10865e+00 1.55136e+00 2.86698e+00
8.39000e+02 1.14098e-02 1.02075e-02 1.22372e-02 1.23402e-02 9.69819e-03 1.53872e-02
1.97130e+03 1.40959e-05 1.20631e-05 1.64566e-05 1.49888e-05 1.21255e-05 1.95627e-05
1.52630e+03 1.59676e-04 1.40440e-04 1.87150e-04 1.73031e-04 1.38639e-04 2.24385e-04
9.96170e+02 3.80971e-03 3.48196e-03 4.25058e-03 4.18235e-03 3.31532e-03 5.39492e-03
3.11100e+03 3.75980e-08 3.13770e-08 4.65960e-08 4.19018e-08 3.28538e-08 5.32421e-08
8.29100e+02 1.15109e-02 1.09101e-02 1.26067e-02 1.32046e-02 1.07887e-02 1.65540e-02
2.34120e+02 3.94819e+00 3.88692e+00 4.05126e+00 5.01752e+00 3.57292e+00 6.79482e+00
1.40900e+03 3.15660e-04 2.75857e-04 3.65422e-04 3.44879e-04 2.71554e-04 4.49462e-04
2.68790e+03 3.23281e-07 2.81057e-07 3.91681e-07 3.33987e-07 2.64215e-07 4.46645e-07
2.17470e+03 4.78459e-06 4.18141e-06 5.61195e-06 5.13746e-06 4.08921e-06 6.81596e-06
3.02210e+03 5.83067e-08 4.99540e-08 7.14661e-08 6.33853e-08 4.94372e-08 8.10225e-08
1.58820e+03 1.15357e-04 9.88550e-05 1.31511e-04 1.22460e-04 9.49660e-05 1.52794e-04
3.16660e+03 2.94653e-08 2.49095e-08 3.48417e-08 3.09087e-08 2.47589e-08 4.09717e-08
9.97710e+02 3.67159e-03 3.47767e-03 4.22563e-03 4.15551e-03 3.28974e-03 5.16793e-03
1.83330e+03 2.89683e-05 2.59428e-05 3.35149e-05 3.18542e-05 2.53994e-05 4.16828e-05
1.72080e+03 5.51336e-05 4.73371e-05 6.38803e-05 5.95021e-05 4.60063e-05 7.50915e-05
2.78240e+02 2.01779e+00 1.97041e+00 2.08214e+00 2.57420e+00 1.79529e+00 3.33123e+00
5.79960e+02 8.10521e-02 7.48424e-02 8.81066e-02 9.35572e-02 7.26864e-02 1.19059e-01
2.24410e+03 3.30756e-06 2.83669e-06 3.88859e-06 3.40870e-06 2.76437e-06 4.50916e-06
2.13770e+03 5.81972e-06 5.04177e-06 6.66825e-06 6.15075e-06 4.84290e-06 7.85050e-06
2.52140e+03 7.68470e-07 6.45445e-07 9.18652e-07 8.24991e-07 6.32107e-07 1.07424e-06
1.02500e+03 3.16551e-03 2.86372e-03 3.48784e-03 3.48767e-03 2.66802e-03 4.46123e-03
2.71440e+03 2.80712e-07 2.42767e-07 3.37624e-07 3.01221e-07 2.37888e-07 3.87957e-07
6.05530e+02 6.47840e-02 6.07719e-02 7.08875e-02 7.52435e-02 5.94280e-02 9.91073e-02
2.06890e+03 8.42474e-06 6.96369e-06 9.61029e-06 9.06262e-06 6.67427e-06 1.14414e-05
1.39730e+03 3.36704e-04 2.96225e-04 3.86520e-04 3.64964e-04 2.87908e-04 4.60992e-04
1.57860e+03 1.20262e-04 1.05126e-04 1.38040e-04 1.23651e-04 1.00275e-04 1.65013e-04
1.10790e+03 1.87071e-03 1.66375e-03 2.12313e-03 2.04992e-03 1.62909e-03 2.63798e-03
2.30380e+03 2.41076e-06 2.08449e-06 2.81383e-06 2.48305e-06 1.97175e-06 3.19711e-06
4.71680e+02 2.16170e-01 2.04229e-01 2.31955e-01 2.58685e-01 1.95155e-01 3.31883e-01
2.40690e+03 1.40253e-06 1.19433e-06 1.67975e-06 1.49062e-06 1.13105e-06 1.91095e-06
2.19620e+03 4.18928e-06 3.69860e-06 5.04260e-06 4.59672e-06 3.52570e-06 5.67970e-06
1.93490e+03 1.74364e-05 1.47954e-05 2.00405e-05 1.84510e-05 1.45347e-05 2.36197e-05
5.41040e+02 1.15987e-01 1.08004e-01 1.22283e-01 1.33323e-01 1.01465e-01 1.68483e-01
6.03650e+02 6.76622e-02 6.24711e-02 7.17843e-02 7.64805e-02 5.90579e-02 9.60139e-02
1.69270e+03 6.27375e-05 5.51360e-05 7.38884e-05 6.71620e-05 5.47905e-05 8.63745e-05
3.67980e+02 6.48209e-01 6.19815e-01 6.84567e-01 7.98757e-01 5.70044e-01 1.00988e+00
7.31560e+02 2.36816e-02 2.16668e-02 2.59080e-02 2.73055e-02 2.14010e-02 3.55415e-02
9.68640e+02 4.44634e-03 4.17564e-03 4.88382e-03 5.06343e-03 3.93122e-03 6.22613e-03
1.05880e+03 2.62733e-03 2.26220e-03 2.83619e-03 2.78859e-03 2.21337e-03 3.60268e-03
1.07030e+03 2.31988e-03 2.17534e-03 2.63220e-03 2.64481e-03 2.11354e-03 3.27389e-03
3.29610e+02 1.02347e+00 9.82404e-01 1.06461e+00 1.26479e+00 8.87384e-01 1.64303e+00
1.36040e+03 4.12194e-04 3.68933e-04 4.59447e-04 4.45241e-04 3.53558e-04 5.67955e-04
5.67440e+02 8.99327e-02 8.31612e-02 9.75039e-02 1.03107e-01 7.98095e-02 1.34582e-01
2.87740e+02 1.77618e+00 1.72626e+00 1.83880e+00 2.21394e+00 1.56530e+00 2.85892e+00
3.22230e+02 1.12482e+00 1.09004e+00 1.18222e+00 1.35871e+00 1.00117e+00 1.82260e+00
1.29690e+03 6.04870e-04 5.38652e-04 6.84633e-04 6.54635e-04 5.19465e-04 8.36624e-04
5.26060e+02 1.28181e-01 1.22257e-01 1.39186e-01 1.53252e-01 1.14264e-01 1.96667e-01
2.44320e+03 1.12397e-06 9.85636e-07 1.34486e-06 1.23183e-06 9.61321e-07 1.57871e-06
1.74330e+03 4.91568e-05 4.15434e-05 5.55469e-05 5.33026e-05 4.16933e-05 6.57098e-05
8.18820e+02 1.27847e-02 1.10945e-02 1.39410e-02 1.44859e-02 1.11347e-02 1.82946e-02
1.01920e+03 3.19773e-03 2.91801e-03 3.72181e-03 3.57352e-03 2.84436e-03 4.55952e-03
2.07500e+03 8.23578e-06 7.06232e-06 9.36144e-06 8.48983e-06 6.59496e-06 1.10111e-05
4.80590e+02 2.01693e-01 1.87216e-01 2.09251e-01 2.33688e-01 1.77643e-01 3.00340e-01
7.38680e+02 2.27942e-02 2.06776e-02 2.46735e-02 2.54593e-02 2.11542e-02 3.34519e-02
2.88170e+02 1.77853e+00 1.70002e+00 1.83327e+00 2.18868e+00 1.59274e+00 2.90864e+00
1.20240e+03 1.01332e-03 9.53048e-04 1.16086e-03 1.18190e-03 9.17724e-04 1.51015e-03
1.37960e+03 3.64726e-04 3.29041e-04 4.24940e-04 4.10629e-04 3.20071e-04 5.07806e-04
1.66070e+03 7.41634e-05 6.82506e-05 8.55708e-05 8.14658e-05 6.51118e-05 1.03108e-04
7.05910e+02 2.98202e-02 2.69260e-02 3.11099e-02 3.22492e-02 2.55171e-02 4.32653e-02
2.29570e+02 4.28977e+00 4.16689e+00 4.39660e+00 5.53110e+00 3.79895e+00 7.44745e+00
1.59760e+02 1.59635e+01 1.59401e+01 1.57432e+01 2.18444e+01 1.35734e+01 2.99276e+01
2.20130e+03 4.11002e-06 3.52683e-06 4.75384e-06 4.32055e-06 3.39720e-06 5.71345e-06
2.21040e+03 3.92494e-06 3.29379e-06 4.63807e-06 4.33949e-06 3.28060e-06 5.43846e-06
2.06910e+03 8.32159e-06 6.93017e-06 9.95602e-06 8.88294e-06 7.04620e-06 1.12266e-05
2.03190e+03 1.01572e-05 8.96626e-06 1.19815e-05 1.07385e-05 8.53822e-06 1.39733e-05
1.76530e+03 4.37269e-05 3.82182e-05 4.95915e-05 4.55316e-05 3.67872e-05 5.66174e-05
7.29220e+02 2.40840e-02 2.20703e-02 2.67138e-02 2.76132e-02 2.17693e-02 3.46228e-02
2.91590e+02 1.70446e+00 1.61378e+00 1.74874e+00 2.09243e+00 1.51321e+00 2.77267e+00
4.44630e+02 2.87656e-01 2.71699e-01 3.00840e-01 3.41265e-01 2.55705e-01 4.35583e-01
3.00970e+03 6.29664e-08 5.33456e-08 7.61747e-08 6.57411e-08 5.27734e-08 8.71460e-08
2.86400e+03 1.27847e-07 1.12064e-07 1.55682e-07 1.39212e-07 1.11725e-07 1.77260e-07
6.12250e+02 6.25730e-02 5.74563e-02 6.71792e-02 6.84046e-02 5.47368e-02 8.91881e-02
2.20570e+03 4.01212e-06 3.46193e-06 4.73776e-06 4.35880e-06 3.34075e-06 5.61782e-06
1.07670e+02 6.10667e+01 6.28120e+01 6.01107e+01 9.02726e+01 5.28398e+01 1.21842e+02
6.88770e+02 3.30972e-02 2.97879e-02 3.68605e-02 3.77560e-02 2.97956e-02 4.70953e-02
1.96980e+03 1.41545e-05 1.24541e-05 1.66473e-05 1.54974e-05 1.20861e-05 1.96312e-05
1.00970e+03 3.51471e-03 3.07020e-03 3.94666e-03 3.86444e-03 2.99693e-03 4.94562e-03
1.38970e+03 3.46009e-04 3.13547e-04 4.01995e-04 3.81452e-04 3.05203e-04 4.96534e-04
8.00660e+02 1.44059e-02 1.32302e-02 1.61117e-02 1.62688e-02 1.19367e-02 2.04845e-02
1.75090e+03 4.67832e-05 3.97736e-05 5.13481e-05 5.00861e-05 3.96983e-05 6.55167e-05
1.12490e+03 1.71429e-03 1.48372e-03 1.86251e-03 1.80137e-03 1.49539e-03 2.37719e-03
1.72770e+03 5.25963e-05 4.65113e-05 5.96608e-05 5.56968e-05 4.42599e-05 7.17012e-05
1.51010e+03 1.73034e-04 1.51010e-04 2.03132e-04 1.91578e-04 1.50161e-04 2.38859e-04
5.99820e+02 6.69112e-02 6.41761e-02 7.46164e-02 8.13863e-02 5.95272e-02 9.92612e-02
5.41500e+02 1.10563e-01 1.04988e-01 1.20891e-01 1.27145e-01 1.01415e-01 1.69173e-01
1.30730e+03 5.53357e-04 4.94577e-04 6.44053e-04 6.02200e-04 4.80824e-04 7.88898e-04
1.91220e+03 1.97591e-05 1.68094e-05 2.21510e-05 2.06035e-05 1.62313e-05 2.71237e-05
2.25400e+03 3.13988e-06 2.71636e-06 3.73674e-06 3.34819e-06 2.57542e-06 4.27841e-06
2.65830e+02 2.40714e+00 2.34056e+00 2.46862e+00 3.05174e+00 2.17576e+00 4.07329e+00
5.54480e+02 1.00432e-01 9.37499e-02 1.08144e-01 1.17107e-01 8.92950e-02 1.51370e-01
6.91820e+02 3.20365e-02 3.03290e-02 3.57800e-02 3.77779e-02 2.88106e-02 4.52316e-02
8.65190e+02 9.34797e-03 8.49042e-03 9.96392e-03 1.01848e-02 8.20181e-03 1.31169e-02
7.41850e+02 2.23389e-02 2.03757e-02 2.36382e-02 2.57279e-02 2.11292e-02 3.18735e-02
1.81920e+03 3.23388e-05 2.79088e-05 3.85641e-05 3.36963e-05 2.76142e-05 4.50035e-05
9.54090e+02 5.10808e-03 4.50709e-03 5.69236e-03 5.68957e-03 4.44358e-03 6.92361e-03
9.43120e+02 5.43119e-03 5.01396e-03 6.06333e-03 6.03230e-03 4.76696e-03 7.37760e-03
9.36940e+02 5.49972e-03 5.02871e-03 6.35808e-03 6.17197e-03 5.00397e-03 7.90552e-03
1.56780e+03 1.29228e-04 1.13267e-04 1.44053e-04 1.39249e-04 1.10016e-04 1.80450e-04
9.65560e+02 4.69625e-03 4.24715e-03 5.18759e-03 5.17162e-03 4.13058e-03 6.50199e-03
1.67950e+03 6.74211e-05 5.95653e-05 8.06799e-05 7.30415e-05 5.76355e-05 9.54074e-05
1.30820e+03 5.64643e-04 4.96541e-04 6.40756e-04 6.11118e-04 4.81868e-04 7.98508e-04
1.41970e+03 2.85019e-04 2.54511e-04 3.28859e-04 3.18118e-04 2.60526e-04 4.05274e-04
2.43080e+03 1.26193e-06 1.04164e-06 1.46608e-06 1.32117e-06 1.00391e-06 1.70529e-06
2.23150e+03 3.46295e-06 3.00773e-06 4.19929e-06 3.86117e-06 2.92767e-06 4.84729e-06
4.20640e+02 3.62600e-01 3.49330e-01 3.86967e-01 4.34874e-01 3.28322e-01 5.53580e-01
9.68320e+02 4.61289e-03 4.24475e-03 5.16444e-03 5.02342e-03 4.21460e-03 6.36015e-03
1.50700e+03 1.78812e-04 1.59153e-04 2.07282e-04 1.92860e-04 1.56603e-04 2.51685e-04
1.92670e+03 1.74204e-05 1.54847e-05 2.02785e-05 1.89247e-05 1.52384e-05 2.40176e-05
6.39010e+02 4.84678e-02 4.46377e-02 5.34576e-02 5.55849e-02 4.32591e-02 7.33452e-02
2.00040e+03 1.20059e-05 1.01512e-05 1.38288e-05 1.27523e-05 1.02510e-05 1.64747e-05
3.05070e+03 5.15916e-08 4.38986e-08 6.15736e-08 5.58969e-08 4.22274e-08 7.10969e-08
3.81990e+02 5.55963e-01 5.16564e-01 5.87053e-01 6.79464e-01 4.99747e-01 8.34106e-01
9.09900e+02 6.74116e-03 6.18108e-03 7.19992e-03 7.45472e-03 5.98198e-03 9.68140e-03
8.17230e+02 1.27153e-02 1.20728e-02 1.43767e-02 1.45075e-02 1.15584e-02 1.85004e-02
3.10880e+03 3.84848e-08 3.27375e-08 4.63727e-08 4.11305e-08 3.34096e-08 5.45053e-08
2.24470e+03 3.28850e-06 2.82702e-06 3.80952e-06 3.40873e-06 2.77521e-06 4.45847e-06
1.13740e+03 1.57295e-03 1.42626e-03 1.80067e-03 1.70469e-03 1.37013e-03 2.16050e-03
3.89280e+02 5.07846e-01 4.84895e-01 5.30902e-01 6.02638e-01 4.66790e-01 7.97852e-01
1.61490e+03 9.65830e-05 8.82783e-05 1.10705e-04 1.06884e-04 8.47514e-05 1.38059e-04
1.34780e+03 4.43823e-04 3.93675e-04 5.03974e-04 4.87241e-04 3.86214e-04 6.23227e-04
4.11240e+02 4.03930e-01 3.83558e-01 4.29672e-01 4.79462e-01 3.54928e-01 6.19432e-01
5.90960e+02 7.34924e-02 6.74666e-02 7.78895e-02 8.38419e-02 6.54600e-02 1.11606e-01
3.26610e+03 1.79419e-08 1.53192e-08 2.16573e-08 1.98494e-08 1.57436e-08 2.56429e-08
8.49780e+02 1.04043e-02 9.34769e-03 1.12046e-02 1.14447e-02 9.25592e-03 1.44981e-02
7.93410e+02 1.56853e-02 1.37861e-02 1.66435e-02 1.65460e-02 1.31919e-02 2.20426e-02
2.79390e+03 1.87798e-07 1.61855e-07 2.20610e-07 2.00095e-07 1.57022e-07 2.53426e-07
1.19720e+03 1.09121e-03 9.80824e-04 1.28869e-03 1.20005e-03 9.24023e-04 1.52608e-03
6.28040e+02 5.34230e-02 4.95173e-02 5.77820e-02 6.19074e-02 4.80124e-02 7.93015e-02
2.75980e+03 2.15599e-07 1.87938e-07 2.67547e-07 2.39774e-07 1.87299e-07 3.06507e-07
9.08080e+02 6.86846e-03 6.06560e-03 7.58829e-03 7.77143e-03 6.16424e-03 9.67989e-03
1.53510e+03 1.54875e-04 1.33904e-04 1.68763e-04 1.61548e-04 1.30446e-04 2.08231e-04
1.88230e+03 2.26962e-05 1.97812e-05 2.68053e-05 2.46748e-05 1.91287e-05 3.21658e-05
4.76610e+02 2.09202e-01 1.93438e-01 2.23827e-01 2.43671e-01 1.87385e-01 3.15349e-01
2.61450e+03 4.80802e-07 3.90422e-07 5.63706e-07 5.07806e-07 3.76545e-07 6.59337e-07
1.58370e+03 1.13601e-04 9.99894e-05 1.35149e-04 1.24699e-04 9.91722e-05 1.64876e-04
1.05510e+03 2.65337e-03 2.29830e-03 2.89821e-03 2.93259e-03 2.30661e-03 3.67995e-03
2.64930e+03 4.05702e-07 3.38622e-07 4.75646e-07 4.21575e-07 3.29529e-07 5.30583e-07
4.24700e+02 3.47135e-01 3.27200e-01 3.72409e-01 4.17801e-01 3.03548e-01 5.36558e-01
6.28420e+02 5.15465e-02 4.92966e-02 5.84320e-02 6.17625e-02 4.74098e-02 7.91170e-02
2.31990e+03 2.18374e-06 1.91371e-06 2.71200e-06 2.38246e-06 1.80526e-06 3.04003e-06
1.96940e+03 1.41099e-05 1.22351e-05 1.66821e-05 1.51542e-05 1.21926e-05 1.97424e-05
1.20820e+03 1.02115e-03 9.04094e-04 1.12557e-03 1.09819e-03 8.86535e-04 1.41952e-03
6.70220e+02 3.80042e-02 3.56993e-02 4.18528e-02 4.57112e-02 3.46782e-02 5.58090e-02
2.26390e+03 2.97643e-06 2.56434e-06 3.49875e-06 3.14510e-06 2.44846e-06 4.06087e-06
3.03490e+03 5.42218e-08 4.68090e-08 6.63982e-08 5.83801e-08 4.59309e-08 7.64843e-08
1.64970e+03 7.84476e-05 7.05824e-05 9.26596e-05 8.74477e-05 6.90678e-05 1.12747e-04
2.68060e+03 3.32977e-07 2.83912e-07 3.84027e-07 3.53304e-07 2.73277e-07 4.62254e-07
3.93380e+02 4.87534e-01 4.64795e-01 5.13875e-01 5.69611e-01 4.41142e-01 7.57869e-01
6.31970e+02 5.24612e-02 4.94087e-02 5.78492e-02 6.11757e-02 4.67129e-02 7.66315e-02
2.24770e+03 3.25022e-06 2.79603e-06 3.68730e-06 3.44484e-06 2.71455e-06 4.36998e-06
1.26870e+03 6.94358e-04 6.21694e-04 7.90084e-04 7.89250e-04 6.08072e-04 9.83917e-04
1.30650e+03 5.51906e-04 5.12557e-04 6.34435e-04 6.17224e-04 4.84938e-04 7.98742e-04
1.71880e+03 5.53630e-05 4.91195e-05 6.20675e-05 5.85111e-05 4.64479e-05 7.54137e-05
1.02420e+03 3.19637e-03 2.93891e-03 3.55493e-03 3.45399e-03 2.88189e-03 4.45069e-03
1.16950e+03 1.29900e-03 1.14481e-03 1.42607e-03 1.39812e-03 1.11708e-03 1.80299e-03
1.75740e+03 4.47225e-05 3.92808e-05 5.17649e-05 4.87991e-05 3.72397e-05 6.10322e-05
7.88610e+02 1.55212e-02 1.42151e-02 1.79906e-02 1.73951e-02 1.43215e-02 2.29305e-02
3.02270e+03 5.87974e-08 4.95707e-08 6.85826e-08 6.51358e-08 5.01479e-08 7.84107e-08
2.09070e+03 7.35384e-06 6.48353e-06 8.49721e-06 7.94502e-06 6.30558e-06 1.03120e-05
1.35790e+03 4.24905e-04 3.77290e-04 4.84667e-04 4.49782e-04 3.67833e-04 5.76894e-04
1.16290e+03 1.35241e-03 1.17887e-03 1.48541e-03 1.48500e-03 1.20118e-03 1.90707e-03
1.96150e+03 1.47681e-05 1.28063e-05 1.69849e-05 1.59404e-05 1.23970e-05 2.05467e-05
8.00930e+02 1.42911e-02 1.33491e-02 1.58207e-02 1.59043e-02 1.32856e-02 2.07100e-02
1.23990e+03 8.51030e-04 7.65388e-04 9.36856e-04 9.33586e-04 7.35508e-04 1.17425e-03
1.44020e+03 2.60030e-04 2.36370e-04 3.01622e-04 2.80720e-04 2.26082e-04 3.61231e-04
1.35210e+03 4.35248e-04 3.85070e-04 5.05850e-04 4.79032e-04 3.83171e-04 6.05862e-04
7.25080e+02 2.51878e-02 2.39901e-02 2.80301e-02 2.81596e-02 2.20039e-02 3.64146e-02
2.63980e+03 4.23828e-07 3.50275e-07 4.89765e-07 4.37745e-07 3.40614e-07 5.54439e-07
7.61870e+02 1.85715e-02 1.76682e-02 2.09204e-02 2.08166e-02 1.79713e-02 2.69989e-02
1.02510e+03 3.17169e-03 2.87651e-03 3.51982e-03 3.46502e-03 2.72520e-03 4.41433e-03
9.07410e+02 6.71144e-03 6.19401e-03 7.69615e-03 7.90084e-03 5.99520e-03 9.89939e-03
1.75610e+03 4.42557e-05 3.98806e-05 5.24214e-05 4.82181e-05 3.86287e-05 6.08968e-05
4.87390e+02 1.87036e-01 1.74596e-01 2.00131e-01 2.16333e-01 1.66209e-01 2.76089e-01
9.26260e+02 5.89501e-03 5.47680e-03 6.75675e-03 6.65600e-03 5.47758e-03 8.60597e-03
1.11710e+03 1.79259e-03 1.55520e-03 1.89804e-03 1.89219e-03 1.56269e-03 2.49316e-03
1.54080e+03 1.44927e-04 1.31098e-04 1.67291e-04 1.58444e-04 1.26910e-04 2.03236e-04
1.00560e+03 3.64962e-03 3.27904e-03 4.07859e-03 3.91178e-03 3.36638e-03 4.99379e-03
6.67630e+02 3.92301e-02 3.66064e-02 4.33160e-02 4.54611e-02 3.57869e-02 5.67414e-02
6.78410e+02 3.60248e-02 3.23071e-02 3.99544e-02 4.20301e-02 3.16716e-02 5.26943e-02
1.08550e+03 2.11922e-03 1.92291e-03 2.37287e-03 2.36518e-03 1.88706e-03 2.93409e-03
1.67060e+03 7.12503e-05 6.32917e-05 8.30970e-05 7.65583e-05 6.12895e-05 9.82361e-05
1.59940e+03 1.07563e-04 9.31529e-05 1.23680e-04 1.14257e-04 9.01764e-05 1.43895e-04
6.21660e+02 5.74086e-02 5.23596e-02 6.09259e-02 6.55178e-02 5.06566e-02 8.35748e-02
1.46960e+03 2.20963e-04 1.96927e-04 2.44259e-04 2.37314e-04 1.91203e-04 2.95537e-04
1.36670e+03 3.92430e-04 3.56524e-04 4.51780e-04 4.32197e-04 3.52993e-04 5.59999e-04
1.82130e+03 3.23860e-05 2.83750e-05 3.60776e-05 3.34779e-05 2.67935e-05 4.36009e-05
2.31590e+03 2.24680e-06 1.92945e-06 2.61169e-06 2.37553e-06 1.84670e-06 3.00605e-06
8.71720e+02 8.87824e-03 8.02502e-03 9.54877e-03 9.82888e-03 7.97482e-03 1.27653e-02
9.47070e+02 5.40623e-03 4.82415e-03 5.68981e-03 5.85051e-03 4.58620e-03 7.31092e-03
5.89870e+02 7.33898e-02 6.77332e-02 7.94526e-02 8.65961e-02 6.80613e-02 1.09552e-01
3.41880e+03 9.12133e-09 7.57846e-09 1.09963e-08 9.88347e-09 7.72148e-09 1.27177e-08
1.92130e+03 1.83099e-05 1.60636e-05 2.24372e-05 1.90443e-05 1.51244e-05 2.51797e-05
1.36400e+03 4.00336e-04 3.49099e-04 4.68340e-04 4.44434e-04 3.53431e-04 5.55995e-04
1.29580e+03 6.14550e-04 5.26097e-04 6.82825e-04 6.69857e-04 5.26731e-04 8.33391e-04
2.12110e+03 6.46945e-06 5.45193e-06 7.55026e-06 6.63657e-06 5.29568e-06 8.62886e-06
9.87680e+02 4.00414e-03 3.71421e-03 4.49346e-03 4.51164e-03 3.54159e-03 5.63579e-03
1.57520e+03 1.25375e-04 1.08276e-04 1.40969e-04 1.34954e-04 1.02283e-04 1.69013e-04
9.98450e+02 3.89375e-03 3.34626e-03 4.16795e-03 4.32322e-03 3.35931e-03 5.32838e-03
1.40870e+03 3.11365e-04 2.76334e-04 3.58269e-04 3.40969e-04 2.59223e-04 4.38250e-04
1.93260e+03 1.71368e-05 1.50351e-05 2.04515e-05 1.86378e-05 1.45299e-05 2.37967e-05
3.14700e+03 3.16612e-08 2.67564e-08 3.88996e-08 3.40343e-08 2.75116e-08 4.45259e-08
2.82620e+02 1.93374e+00 1.85301e+00 1.95998e+00 2.38655e+00 1.67199e+00 3.18426e+00
3.07270e+02 1.37604e+00 1.30852e+00 1.41399e+00 1.72484e+00 1.21281e+00 2.22153e+00
9.76980e+02 4.36177e-03 3.87932e-03 4.95571e-03 5.01897e-03 3.88753e-03 5.95721e-03
1.20920e+03 9.93355e-04 9.07349e-04 1.14851e-03 1.11526e-03 8.73825e-04 1.42375e-03
2.05730e+03 9.07160e-06 7.55111e-06 1.04544e-05 9.29633e-06 7.65318e-06 1.19984e-05
2.43680e+03 1.20715e-06 9.94620e-07 1.45281e-06 1.24507e-06 9.73502e-07 1.62528e-06
4.71820e+02 2.17483e-01 2.04326e-01 2.32281e-01 2.52036e-01 1.89158e-01 3.25880e-01
1.97230e+03 1.41328e-05 1.20831e-05 1.57314e-05 1.53648e-05 1.16557e-05 1.95330e-05
2.62760e+03 4.33973e-07 3.66661e-07 5.19013e-07 4.67414e-07 3.66954e-07 6.03788e-07
1.57910e+03 1.16964e-04 1.04534e-04 1.34179e-04 1.32217e-04 1.00945e-04 1.63662e-04
1.50690e+03 1.71686e-04 1.58415e-04 2.10248e-04 1.90832e-04 1.50979e-04 2.47510e-04
6.78970e+02 3.70247e-02 3.27772e-02 3.83618e-02 4.08723e-02 3.18149e-02 5.13033e-02
1.50780e+03 1.85153e-04 1.52791e-04 1.94250e-04 1.90602e-04 1.51556e-04 2.47645e-04
6.23320e+02 5.55686e-02 5.20781e-02 6.09125e-02 6.55379e-02 4.98099e-02 8.26372e-02
2.21790e+03 3.83213e-06 3.33308e-06 4.40113e-06 3.99344e-06 3.01252e-06 5.15049e-06
1.51250e+03 1.76311e-04 1.56188e-04 2.02352e-04 1.88912e-04 1.49821e-04 2.32626e-04
8.02840e+02 1.45320e-02 1.31863e-02 1.58873e-02 1.60955e-02 1.22282e-02 2.02517e-02
1.80660e+03 3.38926e-05 2.94127e-05 3.90556e-05 3.69973e-05 2.91792e-05 4.77613e-05
1.42900e+03 2.81044e-04 2.48235e-04 3.14532e-04 3.00147e-04 2.40836e-04 3.85987e-04
5.56950e+02 9.75298e-02 9.24067e-02 1.05034e-01 1.13034e-01 8.88145e-02 1.48659e-01
2.41210e+03 1.38587e-06 1.18261e-06 1.64999e-06 1.46829e-06 1.12134e-06 1.86517e-06
1.56720e+03 1.27184e-04 1.12174e-04 1.45748e-04 1.35629e-04 1.05095e-04 1.74679e-04
8.48660e+02 1.04437e-02 9.55797e-03 1.11849e-02 1.13189e-02 9.23984e-03 1.51094e-02
1.14080e+03 1.50535e-03 1.39167e-03 1.72868e-03 1.73050e-03 1.32858e-03 2.19914e-03
1.37780e+03 3.81428e-04 3.38326e-04 4.25213e-04 4.08746e-04 3.24579e-04 5.14374e-04
1.45190e+03 2.47457e-04 2.17185e-04 2.87611e-04 2.65157e-04 2.11835e-04 3.37104e-04
1.29760e+03 5.93595e-04 5.22980e-04 6.85632e-04 6.59948e-04 5.09911e-04 8.41708e-04
2.01620e+03 1.10206e-05 9.69119e-06 1.32301e-05 1.16677e-05 9.15075e-06 1.50636e-05
1.34900e+03 4.39380e-04 3.86272e-04 5.10180e-04 4.75724e-04 3.86829e-04 6.02846e-04
8.15640e+02 1.27584e-02 1.19481e-02 1.40100e-02 1.44546e-02 1.10212e-02 1.92446e-02
7.60420e+02 1.91756e-02 1.77941e-02 2.09343e-02 2.24405e-02 1.72832e-02 2.74393e-02
1.69480e+03 6.14041e-05 5.68758e-05 7.18031e-05 6.66974e-05 5.43051e-05 8.57370e-05
5.04830e+02 1.61049e-01 1.47394e-01 1.69430e-01 1.83022e-01 1.39792e-01 2.35775e-01
1.97260e+03 1.39677e-05 1.23337e-05 1.63873e-05 1.51756e-05 1.17830e-05 1.88166e-05
1.81280e+03 3.26237e-05 2.89689e-05 3.74624e-05 3.60310e-05 2.85936e-05 4.60610e-05
7.51630e+02 2.05649e-02 1.91963e-02 2.23451e-02 2.30230e-02 1.86874e-02 2.93437e-02
3.02770e+02 1.45667e+00 1.41283e+00 1.49111e+00 1.80338e+00 1.33016e+00 2.32286e+00
5.53790e+02 1.02548e-01 9.56983e-02 1.07871e-01 1.18257e-01 9.32506e-02 1.50663e-01
5.38660e+02 1.15792e-01 1.06265e-01 1.25915e-01 1.34646e-01 1.05642e-01 1.73887e-01
2.71410e+03 2.75158e-07 2.44696e-07 3.40781e-07 2.98556e-07 2.32807e-07 3.84791e-07
1.13980e+03 1.52619e-03 1.36010e-03 1.68741e-03 1.66962e-03 1.32413e-03 2.11057e-03
2.27850e+03 2.73812e-06 2.30867e-06 3.28079e-06 2.96409e-06 2.20921e-06 3.69194e-06
7.41140e+02 2.27215e-02 2.08359e-02 2.40640e-02 2.59204e-02 2.02638e-02 3.23317e-02
2.90740e+03 1.05156e-07 8.62105e-08 1.23493e-07 1.10996e-07 8.71016e-08 1.40036e-07
9.82900e+02 4.21392e-03 3.79349e-03 4.64839e-03 4.67986e-03 3.72575e-03 5.86551e-03
3.54130e+02 7.62741e-01 7.33343e-01 8.02858e-01 9.22641e-01 6.78385e-01 1.19746e+00
1.53640e+03 1.47833e-04 1.32341e-04 1.72994e-04 1.63512e-04 1.31944e-04 2.06938e-04
3.48200e+02 8.15592e-01 7.80649e-01 8.62119e-01 1.00331e+00 7.48252e-01 1.28730e+00
1.88770e+03 2.19729e-05 1.86163e-05 2.61754e-05 2.39402e-05 1.86641e-05 3.04938e-05
2.02510e+02 6.76584e+00 6.65578e+00 6.87217e+00 8.94532e+00 5.92118e+00 1.17466e+01
1.39500e+03 3.43525e-04 2.96898e-04 3.84841e-04 3.67004e-04 2.89720e-04 4.74915e-04
7.45960e+02 2.14603e-02 2.00744e-02 2.32700e-02 2.44620e-02 2.05788e-02 3.13538e-02
1.81720e+03 3.20562e-05 2.79508e-05 3.75365e-05 3.50440e-05 2.76861e-05 4.49367e-05
9.05570e+02 6.83813e-03 6.24886e-03 7.45769e-03 7.64487e-03 6.01373e-03 9.87895e-03
2.86930e+02 1.80832e+00 1.71866e+00 1.86412e+00 2.23737e+00 1.59237e+00 2.93999e+00
3.01440e+02 1.48143e+00 1.42355e+00 1.53688e+00 1.81120e+00 1.33275e+00 2.44200e+00
2.45150e+03 1.12592e-06 9.57860e-07 1.29500e-06 1.14994e-06 9.11354e-07 1.53663e-06
1.59800e+02 1.57284e+01 1.55456e+01 1.57712e+01 2.16617e+01 1.44376e+01 2.92751e+01
2.82480e+03 1.60596e-07 1.34063e-07 1.89319e-07 1.69596e-07 1.35498e-07 2.23212e-07
1.53650e+03 1.49150e-04 1.32253e-04 1.75499e-04 1.64870e-04 1.29323e-04 2.08672e-04
2.65620e+03 3.82130e-07 3.30333e-07 4.46578e-07 3.98808e-07 3.09062e-07 5.12989e-07
2.57600e+03 5.81049e-07 5.06501e-07 6.84503e-07 6.13473e-07 4.76966e-07 7.83872e-07
2.10950e+03 6.73473e-06 5.73697e-06 7.95698e-06 7.11319e-06 5.57538e-06 8.81256e-06
1.81910e+03 3.17815e-05 2.81586e-05 3.73775e-05 3.47580e-05 2.67965e-05 4.32449e-05
3.12240e+03 3.67669e-08 2.99989e-08 4.32089e-08 3.90670e-08 3.06662e-08 5.07855e-08
2.61060e+03 4.83119e-07 4.01251e-07 5.63226e-07 5.18486e-07 3.99351e-07 6.57815e-07
8.79510e+02 8.08953e-03 7.39767e-03 8.92624e-03 9.36350e-03 7.38673e-03 1.16951e-02
2.43770e+03 1.19572e-06 1.01447e-06 1.41840e-06 1.27545e-06 9.75633e-07 1.62767e-06
3.02950e+02 1.44666e+00 1.38154e+00 1.48011e+00 1.80333e+00 1.26692e+00 2.34156e+00
2.91110e+03 9.96757e-08 8.89941e-08 1.22367e-07 1.11348e-07 8.65766e-08 1.42592e-07
3.10260e+02 1.30945e+00 1.26325e+00 1.38652e+00 1.59681e+00 1.16590e+00 2.03462e+00
1.09590e+03 1.99828e-03 1.83883e-03 2.21976e-03 2.19915e-03 1.81748e-03 2.82719e-03
2.41670e+03 1.33385e-06 1.13578e-06 1.54748e-06 1.40081e-06 1.09619e-06 1.80490e-06
1.48350e+03 1.98360e-04 1.81448e-04 2.36541e-04 2.22702e-04 1.79870e-04 2.84842e-04
2.61100e+03 4.77051e-07 4.01534e-07 5.78091e-07 5.26375e-07 3.99724e-07 6.69017e-07
9.58040e+02 5.01265e-03 4.40899e-03 5.40592e-03 5.47778e-03 4.29146e-03 6.96426e-03
1.53490e+03 1.53261e-04 1.36492e-04 1.76625e-04 1.65088e-04 1.33994e-04 2.09428e-04
6.11700e+02 6.19472e-02 5.59076e-02 6.71958e-02 7.13363e-02 5.53419e-02 9.06475e-02
2.25190e+03 3.15527e-06 2.72007e-06 3.67205e-06 3.29725e-06 2.62199e-06 4.36002e-06
2.47930e+03 9.54145e-07 7.89127e-07 1.16256e-06 1.01794e-06 7.96604e-07 1.30523e-06
3.95820e+02 4.70151e-01 4.48831e-01 5.02164e-01 5.60651e-01 4.26612e-01 7.31888e-01
8.17260e+02 1.28872e-02 1.17797e-02 1.43209e-02 1.47310e-02 1.17795e-02 1.79037e-02
8.40450e+02 1.09535e-02 1.00215e-02 1.22046e-02 1.24208e-02 9.62475e-03 1.53653e-02
2.39610e+03 1.45995e-06 1.25102e-06 1.78841e-06 1.55208e-06 1.25752e-06 2.03243e-06
1.20500e+03 1.04681e-03 9.42123e-04 1.16638e-03 1.14159e-03 9.26584e-04 1.43690e-03
1.07580e+03 2.34222e-03 2.07979e-03 2.52201e-03 2.54969e-03 2.04924e-03 3.20502e-03
2.34510e+03 1.96038e-06 1.68844e-06 2.35170e-06 2.05107e-06 1.59723e-06 2.70466e-06
9.53510e+02 5.06091e-03 4.52235e-03 5.59120e-03 5.57007e-03 4.34602e-03 7.35505e-03
1.22040e+03 9.15346e-04 8.30682e-04 1.07912e-03 1.01659e-03 8.50396e-04 1.30897e-03
4.51350e+02 2.65333e-01 2.51492e-01 2.82862e-01 3.12046e-01 2.29170e-01 4.00809e-01
1.38770e+03 3.59673e-04 3.10482e-04 4.07031e-04 3.84561e-04 3.05855e-04 4.85062e-04
2.02940e+03 1.01978e-05 8.88029e-06 1.19804e-05 1.11265e-05 8.72006e-06 1.39858e-05
1.21070e+03 9.90363e-04 8.75986e-04 1.10672e-03 1.11050e-03 8.64987e-04 1.36710e-03
9.31760e+02 5.77305e-03 5.28053e-03 6.50349e-03 6.48935e-03 5.19218e-03 8.15098e-03
2.02730e+03 1.03616e-05 9.13955e-06 1.20197e-05 1.15358e-05 8.65775e-06 1.47580e-05
1.10350e+03 1.87060e-03 1.73192e-03 2.20390e-03 2.13187e-03 1.66653e-03 2.74132e-03
1.19700e+03 1.09645e-03 9.63327e-04 1.21692e-03 1.18473e-03 9.60812e-04 1.50499e-03
1.43440e+03 2.74763e-04 2.36702e-04 3.03583e-04 2.90089e-04 2.37062e-04 3.71588e-04
9.74360e+02 4.36388e-03 4.00741e-03 4.81411e-03 4.81977e-03 4.07217e-03 6.11600e-03
4.83130e+02 1.89488e-01 1.79096e-01 2.10589e-01 2.30900e-01 1.75520e-01 2.87456e-01
4.15970e+02 3.82397e-01 3.62925e-01 4.06686e-01 4.57321e-01 3.46700e-01 5.96134e-01
2.72560e+03 2.61762e-07 2.29732e-07 3.23125e-07 2.86356e-07 2.22702e-07 3.71501e-07
1.92030e+03 1.90843e-05 1.59949e-05 2.14746e-05 1.94330e-05 1.54091e-05 2.51690e-05
1.49050e+03 2.00109e-04 1.76269e-04 2.24748e-04 2.08453e-04 1.70555e-04 2.60868e-04
1.04430e+03 2.80643e-03 2.53079e-03 3.14420e-03 3.13080e-03 2.49174e-03 3.77819e-03
7.67890e+02 1.83565e-02 1.74991e-02 2.12439e-02 2.05623e-02 1.64155e-02 2.57349e-02
1.23720e+03 8.39514e-04 7.42271e-04 9.52484e-04 9.40639e-04 7.58085e-04 1.18492e-03
6.50160e+02 4.53612e-02 4.19035e-02 4.99535e-02 5.20591e-02 4.03761e-02 6.47381e-02
1.61710e+03 9.78934e-05 8.58320e-05 1.09801e-04 1.04176e-04 8.27846e-05 1.32565e-04
1.77180e+03 4.11843e-05 3.57608e-05 4.78358e-05 4.43472e-05 3.52253e-05 5.54906e-05
9.20440e+02 6.32563e-03 5.56726e-03 7.14290e-03 7.16595e-03 5.69679e-03 8.79145e-03
1.51660e+03 1.73996e-04 1.51349e-04 1.93330e-04 1.90465e-04 1.49183e-04 2.30445e-04
1.67610e+03 6.94958e-05 6.04286e-05 8.04152e-05 7.58140e-05 6.07132e-05 1.00424e-04
1.10820e+03 1.81766e-03 1.65459e-03 2.06146e-03 2.12225e-03 1.66484e-03 2.63584e-03
9.08500e+02 6.52059e-03 6.17128e-03 7.70352e-03 7.57337e-03 6.14014e-03 9.61985e-03
1.62550e+03 9.00201e-05 7.90419e-05 1.07076e-04 1.00435e-04 7.63984e-05 1.25093e-04
1.94770e+03 1.57193e-05 1.39564e-05 1.85245e-05 1.69309e-05 1.35823e-05 2.13848e-05
3.13030e+03 3.40809e-08 2.98510e-08 4.23825e-08 3.71603e-08 3.05703e-08 4.83371e-08
1.19390e+03 1.13228e-03 1.01249e-03 1.25138e-03 1.18654e-03 9.58501e-04 1.62973e-03
1.36600e+03 3.97486e-04 3.56660e-04 4.51727e-04 4.22282e-04 3.46085e-04 5.58898e-04
2.94450e+03 8.72003e-08 7.36011e-08 1.05558e-07 9.20607e-08 7.32817e-08 1.21404e-07
2.89870e+03 1.10796e-07 9.29387e-08 1.32123e-07 1.15118e-07 9.37407e-08 1.50737e-07
1.10210e+03 1.99277e-03 1.75663e-03 2.20619e-03 2.13651e-03 1.66835e-03 2.71140e-03
2.42990e+02 3.44622e+00 3.36355e+00 3.52575e+00 4.33962e+00 2.96290e+00 5.86853e+00
7.05700e+02 2.91918e-02 2.61310e-02 3.13048e-02 3.35123e-02 2.65275e-02 4.32760e-02
2.17970e+03 4.62103e-06 3.91584e-06 5.53049e-06 5.05413e-06 3.79044e-06 6.25756e-06
2.39650e+03 1.49108e-06 1.28419e-06 1.72944e-06 1.53547e-06 1.18311e-06 2.06642e-06
1.70700e+03 5.85675e-05 5.26134e-05 6.75126e-05 6.43521e-05 5.00180e-05 8.13305e-05
2.37240e+03 1.65847e-06 1.41650e-06 1.95139e-06 1.80400e-06 1.43008e-06 2.34896e-06
3.02530e+03 5.90978e-08 4.92961e-08 7.07364e-08 6.31543e-08 4.86207e-08 8.19212e-08
3.95580e+02 4.77128e-01 4.56045e-01 5.06553e-01 5.63206e-01 4.30937e-01 7.43076e-01
1.90330e+03 2.06476e-05 1.77536e-05 2.39128e-05 2.16634e-05 1.67647e-05 2.85798e-05
1.95710e+03 1.54954e-05 1.31247e-05 1.78357e-05 1.61053e-05 1.31237e-05 2.07867e-05
6.36230e+02 5.09260e-02 4.80512e-02 5.53142e-02 5.80641e-02 4.43113e-02 7.40841e-02
1.03920e+03 2.85549e-03 2.53032e-03 3.22037e-03 3.15967e-03 2.52777e-03 3.97534e-03
1.32110e+03 5.12835e-04 4.56444e-04 5.87161e-04 5.61079e-04 4.59083e-04 7.14923e-04
2.10260e+03 7.19436e-06 6.08068e-06 8.37940e-06 7.37420e-06 5.90126e-06 9.49811e-06
2.43900e+03 1.16219e-06 1.00662e-06 1.36125e-06 1.21580e-06 1.00282e-06 1.61281e-06
2.40580e+03 1.41009e-06 1.20225e-06 1.67692e-06 1.44928e-06 1.17732e-06 1.87956e-06
3.21260e+02 1.14764e+00 1.08942e+00 1.18091e+00 1.35393e+00 1.02981e+00 1.84995e+00
1.20580e+03 1.01060e-03 9.03551e-04 1.16114e-03 1.15769e-03 9.04257e-04 1.43258e-03
4.57280e+02 2.53817e-01 2.37100e-01 2.66672e-01 2.93480e-01 2.23064e-01 3.77073e-01
2.06750e+03 8.37825e-06 7.12376e-06 9.76068e-06 9.02129e-06 7.09042e-06 1.17060e-05
1.17310e+03 1.27017e-03 1.10230e-03 1.43135e-03 1.35154e-03 1.08097e-03 1.71965e-03
2.36710e+03 1.69761e-06 1.47342e-06 2.03403e-06 1.85486e-06 1.44537e-06 2.35836e-06
1.03190e+03 3.03424e-03 2.70816e-03 3.36768e-03 3.33856e-03 2.78072e-03 4.19169e-03
8.21470e+02 1.23992e-02 1.11573e-02 1.38100e-02 1.38243e-02 1.12048e-02 1.72157e-02
1.08710e+03 2.15569e-03 1.92201e-03 2.40331e-03 2.31946e-03 1.80583e-03 2.97510e-03
1.53440e+03 1.54877e-04 1.35203e-04 1.77666e-04 1.61104e-04 1.26737e-04 2.07846e-04
1.11260e+03 1.82455e-03 1.61002e-03 2.00433e-03 1.98271e-03 1.60907e-03 2.59383e-03
2.34740e+03 1.90110e-06 1.61869e-06 2.27913e-06 2.06332e-06 1.52832e-06 2.62760e-06
2.25130e+03 3.26562e-06 2.75193e-06 3.69482e-06 3.37936e-06 2.68768e-06 4.33543e-06
1.25300e+03 7.68575e-04 6.92941e-04 8.63840e-04 8.77495e-04 6.61167e-04 1.05668e-03
5.19460e+02 1.37902e-01 1.31028e-01 1.49186e-01 1.63199e-01 1.23510e-01 2.09507e-01
1.76620e+03 4.18329e-05 3.69563e-05 4.89440e-05 4.58760e-05 3.66746e-05 5.81588e-05
1.50640e+03 1.76534e-04 1.62035e-04 2.03296e-04 1.96361e-04 1.49246e-04 2.44266e-04
1.53420e+03 1.51433e-04 1.37080e-04 1.73741e-04 1.68980e-04 1.30931e-04 2.11714e-04
1.96740e+03 1.42417e-05 1.25722e-05 1.65922e-05 1.56083e-05 1.21639e-05 1.99096e-05
1.81280e+03 3.31629e-05 2.88042e-05 3.78526e-05 3.53006e-05 2.74089e-05 4.51519e-05
2.03840e+03 9.92345e-06 8.59215e-06 1.12842e-05 1.06215e-05 8.28600e-06 1.36515e-05
8.28280e+02 1.20117e-02 1.06499e-02 1.28042e-02 1.31003e-02 1.06705e-02 1.65931e-02
2.44000e+03 1.13066e-06 1.01402e-06 1.38550e-06 1.26887e-06 9.81830e-07 1.63973e-06
2.91170e+03 1.03399e-07 8.66504e-08 1.21865e-07 1.10291e-07 8.62865e-08 1.41005e-07
2.51880e+03 7.77768e-07 6.75290e-07 9.44347e-07 8.12915e-07 6.64970e-07 1.09447e-06
1.04220e+03 2.84172e-03 2.58463e-03 3.06184e-03 3.08145e-03 2.34243e-03 4.10941e-03
7.68220e+02 1.78542e-02 1.70407e-02 1.95400e-02 2.00130e-02 1.66335e-02 2.61346e-02
2.22790e+03 3.63741e-06 3.19256e-06 4.28288e-06 3.85362e-06 2.98355e-06 4.79439e-06
9.62550e+02 4.82708e-03 4.36670e-03 5.27640e-03 5.09864e-03 4.28118e-03 6.70068e-03
3.17910e+02 1.19695e+00 1.15320e+00 1.25080e+00 1.45166e+00 1.03748e+00 1.89235e+00
5.88030e+02 7.66089e-02 7.17151e-02 7.99216e-02 8.46570e-02 6.62761e-02 1.11360e-01
6.07960e+02 6.42700e-02 5.90969e-02 6.74495e-02 7.10374e-02 5.51998e-02 9.32068e-02
1.38560e+03 3.51679e-04 3.18529e-04 3.89680e-04 3.91870e-04 3.08887e-04 4.84364e-04
5.17470e+02 1.39426e-01 1.31188e-01 1.53275e-01 1.66878e-01 1.31568e-01 2.09813e-01
2.76480e+03 2.18188e-07 1.82749e-07 2.64635e-07 2.28034e-07 1.76097e-07 2.99037e-07
3.03110e+02 1.44017e+00 1.40060e+00 1.49541e+00 1.77966e+00 1.33369e+00 2.32745e+00
1.10350e+03 1.86434e-03 1.74625e-03 2.09138e-03 2.13768e-03 1.71908e-03 2.69997e-03
7.10800e+02 2.81245e-02 2.57763e-02 3.05989e-02 3.23947e-02 2.62609e-02 4.02631e-02
1.17920e+03 1.22742e-03 1.07508e-03 1.38052e-03 1.27844e-03 1.06948e-03 1.70318e-03
1.70920e+03 5.77607e-05 4.98366e-05 6.76302e-05 6.31961e-05 4.85649e-05 8.06120e-05
4.09470e+02 4.04693e-01 3.84271e-01 4.33871e-01 4.89511e-01 3.60439e-01 6.33036e-01
7.81440e+02 1.64589e-02 1.53811e-02 1.77907e-02 1.85617e-02 1.40393e-02 2.30904e-02
3.48660e+02 8.16682e-01 7.77921e-01 8.55420e-01 9.81759e-01 7.23157e-01 1.30413e+00
2.15860e+03 5.29548e-06 4.48162e-06 6.03550e-06 5.42528e-06 4.33635e-06 7.07272e-06
2.34620e+03 1.95484e-06 1.61566e-06 2.26880e-06 2.02001e-06 1.57555e-06 2.64002e-06
6.48730e+02 4.58680e-02 4.21537e-02 4.91098e-02 5.13834e-02 4.15522e-02 6.68131e-02
1.50890e+03 1.77449e-04 1.57533e-04 2.07987e-04 1.92897e-04 1.47175e-04 2.46728e-04
7.28620e+02 2.43840e-02 2.28776e-02 2.63614e-02 2.84864e-02 2.19072e-02 3.44521e-02
1.14240e+03 1.54804e-03 1.36632e-03 1.68724e-03 1.66468e-03 1.36459e-03 2.08341e-03
1.47900e+03 2.11459e-04 1.83297e-04 2.37240e-04 2.27394e-04 1.87280e-04 2.95989e-04
2.66990e+03 3.62867e-07 2.98099e-07 4.13938e-07 3.71276e-07 2.87078e-07 4.78385e-07
6.36080e+02 4.86980e-02 4.75009e-02 5.51205e-02 5.81548e-02 4.47569e-02 7.40345e-02
2.33250e+03 2.06005e-06 1.76531e-06 2.37430e-06 2.19705e-06 1.71613e-06 2.80344e-06
1.46150e+03 2.32516e-04 2.09256e-04 2.67977e-04 2.45594e-04 2.08691e-04 3.15756e-04
9.14440e+02 6.52794e-03 5.78496e-03 7.39288e-03 7.11369e-03 5.63566e-03 9.17883e-03
2.03150e+03 1.03366e-05 8.85986e-06 1.15887e-05 1.09460e-05 8.70101e-06 1.36512e-05
1.05010e+03 2.72270e-03 2.53130e-03 3.07156e-03 3.03421e-03 2.42581e-03 3.69225e-03
7.11340e+02 2.93367e-02 2.60233e-02 3.06854e-02 3.17093e-02 2.50118e-02 3.87333e-02
1.04760e+03 2.69506e-03 2.47374e-03 3.12978e-03 3.08266e-03 2.44872e-03 3.93602e-03
1.41180e+03 3.05912e-04 2.70911e-04 3.44692e-04 3.33061e-04 2.65419e-04 4.31169e-04
1.99120e+03 1.23850e-05 1.08084e-05 1.51561e-05 1.34340e-05 1.08496e-05 1.71919e-05
1.96490e+03 1.44166e-05 1.23354e-05 1.73133e-05 1.52572e-05 1.23796e-05 1.97444e-05
6.48870e+02 4.42225e-02 4.05380e-02 4.92141e-02 5.14864e-02 4.13436e-02 6.80366e-02
1.21530e+03 9.70214e-04 8.53993e-04 1.10673e-03 1.07475e-03 8.32886e-04 1.37680e-03
6.18660e+02 5.93180e-02 5.45413e-02 6.41403e-02 6.75532e-02 5.33785e-02 8.36861e-02
1.38470e+03 3.61631e-04 3.13544e-04 4.07490e-04 3.92420e-04 3.17463e-04 5.05919e-04
1.95000e+03 1.54348e-05 1.35882e-05 1.85076e-05 1.72130e-05 1.30908e-05 2.21724e-05
2.40160e+03 1.44363e-06 1.22842e-06 1.68870e-06 1.50335e-06 1.19129e-06 1.95863e-06
1.64830e+03 8.23169e-05 7.19551e-05 9.35485e-05 8.82325e-05 6.79743e-05 1.12851e-04
9.40720e+02 5.61696e-03 5.00250e-03 6.03653e-03 6.16837e-03 4.95874e-03 7.50165e-03
1.20890e+03 9.96529e-04 9.00623e-04 1.15107e-03 1.10727e-03 8.88701e-04 1.41776e-03
3.38470e+03 1.07483e-08 9.01685e-09 1.24871e-08 1.16018e-08 8.91377e-09 1.46519e-08
1.13910e+03 1.52580e-03 1.37920e-03 1.78495e-03 1.71938e-03 1.36207e-03 2.24604e-03
1.02380e+03 3.19948e-03 2.87568e-03 3.46046e-03 3.43890e-03 2.77684e-03 4.45345e-03
1.53060e+03 1.55978e-04 1.37621e-04 1.77225e-04 1.70858e-04 1.33256e-04 2.10309e-04
1.02370e+03 3.26071e-03 2.86874e-03 3.42303e-03 3.55793e-03 2.84381e-03 4.43230e-03
2.66870e+03 3.41665e-07 3.00074e-07 4.21382e-07 3.70741e-07 3.09521e-07 4.86336e-07
1.39270e+03 3.48868e-04 3.02385e-04 3.87324e-04 3.83802e-04 3.03726e-04 4.82399e-04
2.97060e+03 7.53394e-08 6.42858e-08 9.07515e-08 8.17561e-08 6.29898e-08 1.07496e-07
1.37240e+03 3.85300e-04 3.40491e-04 4.54019e-04 4.06294e-04 3.29199e-04 5.32556e-04
1.12710e+03 1.61964e-03 1.49079e-03 1.90211e-03 1.82387e-03 1.47462e-03 2.27314e-03
1.09130e+03 2.09160e-03 1.81539e-03 2.29225e-03 2.30636e-03 1.83030e-03 2.94201e-03
1.77930e+02 1.09573e+01 1.05828e+01 1.09374e+01 1.46072e+01 9.60861e+00 1.87972e+01
4.43670e+02 2.86668e-01 2.70310e-01 3.06491e-01 3.37357e-01 2.62395e-01 4.33272e-01
2.26030e+03 2.98513e-06 2.52971e-06 3.54286e-06 3.06379e-06 2.59950e-06 4.12025e-06
2.60510e+03 4.99589e-07 4.14591e-07 5.86039e-07 5.30027e-07 4.16828e-07 6.80023e-07
1.92530e+03 1.83641e-05 1.57615e-05 2.06151e-05 1.93573e-05 1.51385e-05 2.46175e-05
6.60210e+02 4.10961e-02 3.77698e-02 4.57919e-02 4.73324e-02 3.75738e-02 6.16693e-02
1.57100e+03 1.25837e-04 1.10718e-04 1.43404e-04 1.33282e-04 1.04205e-04 1.70603e-04
1.53270e+03 1.55380e-04 1.34261e-04 1.74592e-04 1.68921e-04 1.33255e-04 2.11726e-04
6.04500e+02 6.73078e-02 6.00928e-02 6.93756e-02 7.54673e-02 5.83851e-02 9.84066e-02
4.17460e+02 3.79724e-01 3.58875e-01 4.03377e-01 4.56716e-01 3.34279e-01 5.82249e-01
1.61120e+03 1.01043e-04 8.64472e-05 1.13414e-04 1.06289e-04 8.49194e-05 1.34551e-04
2.96400e+03 7.97317e-08 6.70325e-08 9.47986e-08 8.38661e-08 6.66251e-08 1.08535e-07
1.32490e+03 5.08457e-04 4.47251e-04 5.61427e-04 5.46632e-04 4.28251e-04 6.94556e-04
2.62870e+03 4.38901e-07 3.64968e-07 5.34234e-07 4.66398e-07 3.70596e-07 5.96566e-07
3.36800e+02 9.33025e-01 9.02686e-01 9.96559e-01 1.11653e+00 8.52685e-01 1.49266e+00
4.31980e+02 3.21765e-01 3.03488e-01 3.47783e-01 3.83291e-01 2.90854e-01 4.89532e-01
1.98990e+03 1.25062e-05 1.10386e-05 1.47430e-05 1.36218e-05 1.06969e-05 1.79716e-05
3.06840e+03 4.78764e-08 3.97942e-08 5.67961e-08 5.23013e-08 3.98879e-08 6.52959e-08
3.74950e+02 5.93729e-01 5.72759e-01 6.31501e-01 7.33765e-01 5.39135e-01 9.36893e-01
4.60320e+02 2.46465e-01 2.28025e-01 2.56836e-01 2.82219e-01 2.17795e-01 3.70425e-01
3.89080e+02 5.14510e-01 4.87360e-01 5.36630e-01 6.19602e-01 4.69647e-01 7.99611e-01
1.66370e+03 7.49527e-05 6.66761e-05 8.47516e-05 8.02797e-05 6.57425e-05 1.02720e-04
5.68960e+02 8.86921e-02 8.34623e-02 9.59475e-02 1.01065e-01 8.09318e-02 1.31387e-01
1.88490e+03 2.22139e-05 1.95326e-05 2.64673e-05 2.38552e-05 1.92193e-05 3.02624e-05
6.73300e+02 3.78681e-02 3.35028e-02 4.11820e-02 4.16857e-02 3.35724e-02 5.45855e-02
1.42260e+03 2.93442e-04 2.51652e-04 3.18093e-04 3.11226e-04 2.44990e-04 3.98603e-04
1.35590e+03 4.20552e-04 3.89616e-04 4.87908e-04 4.68008e-04 3.76273e-04 5.78807e-04
1.93550e+03 1.71228e-05 1.47791e-05 1.89735e-05 1.82713e-05 1.46513e-05 2.33177e-05
7.81800e+02 1.60972e-02 1.52379e-02 1.76543e-02 1.88610e-02 1.48381e-02 2.37886e-02
6.36380e+02 5.12411e-02 4.73603e-02 5.51514e-02 5.71098e-02 4.45638e-02 7.42111e-02
9.12580e+02 6.79909e-03 6.06188e-03 7.52214e-03 7.54935e-03 5.94822e-03 9.33738e-03
2.15860e+03 5.15362e-06 4.46809e-06 6.06946e-06 5.48902e-06 4.26791e-06 7.16944e-06
9.95690e+02 3.85127e-03 3.25453e-03 4.14944e-03 4.27052e-03 3.31087e-03 5.57999e-03
1.17220e+03 1.24850e-03 1.12376e-03 1.40180e-03 1.35947e-03 1.09427e-03 1.69908e-03
1.26420e+03 7.48588e-04 6.56790e-04 8.14561e-04 7.90102e-04 6.13452e-04 1.03697e-03
2.06150e+03 8.92224e-06 7.60982e-06 9.91314e-06 9.23433e-06 7.50503e-06 1.19834e-05
1.97100e+03 1.42511e-05 1.20857e-05 1.67924e-05 1.53902e-05 1.20052e-05 1.89165e-05
2.43430e+02 3.42189e+00 3.32491e+00 3.46490e+00 4.33853e+00 3.10396e+00 5.75385e+00
1.52830e+03 1.60917e-04 1.40737e-04 1.78678e-04 1.71433e-04 1.31822e-04 2.15562e-04
2.97690e+03 7.31490e-08 6.24971e-08 8.93997e-08 8.00466e-08 6.20282e-08 1.01921e-07
1.24710e+03 7.79136e-04 7.24256e-04 9.25187e-04 8.85065e-04 7.06552e-04 1.13399e-03
2.71440e+03 2.89160e-07 2.38853e-07 3.44389e-07 3.01338e-07 2.36285e-07 3.86481e-07
1.48040e+03 2.03937e-04 1.84393e-04 2.37331e-04 2.26448e-04 1.74453e-04 2.88083e-04
2.57810e+03 5.71434e-07 4.79890e-07 6.66354e-07 5.88771e-07 4.64984e-07 7.62395e-07
1.11540e+03 1.79597e-03 1.58568e-03 1.95893e-03 1.99468e-03 1.57163e-03 2.52244e-03
4.18540e+02 3.75137e-01 3.51290e-01 3.93682e-01 4.44148e-01 3.42615e-01 5.59848e-01
1.75960e+03 4.53508e-05 3.96968e-05 5.18123e-05 4.74023e-05 3.75687e-05 6.03963e-05
2.06390e+03 8.83295e-06 7.30266e-06 1.00285e-05 8.93659e-06 7.13665e-06 1.17081e-05
3.07010e+03 4.77134e-08 3.87189e-08 5.42113e-08 5.15174e-08 3.92757e-08 6.31987e-08
1.76750e+03 4.15410e-05 3.72036e-05 4.84994e-05 4.75469e-05 3.68621e-05 5.88525e-05
2.93520e+03 9.00750e-08 7.79878e-08 1.09755e-07 9.63272e-08 7.78189e-08 1.27067e-07
5.71390e+02 8.71496e-02 8.10242e-02 9.36334e-02 9.99046e-02 7.71850e-02 1.26594e-01
1.54120e+03 1.52033e-04 1.27449e-04 1.63927e-04 1.58051e-04 1.23302e-04 2.02766e-04
5.77890e+02 8.21601e-02 7.92904e-02 8.81675e-02 9.38115e-02 7.54182e-02 1.22920e-01
5.77350e+02 8.09052e-02 7.64450e-02 8.93877e-02 9.49952e-02 7.56532e-02 1.23168e-01
2.82110e+02 1.92504e+00 1.85002e+00 1.99326e+00 2.38765e+00 1.65783e+00 3.16197e+00
2.19670e+03 4.21178e-06 3.57831e-06 5.09139e-06 4.53603e-06 3.61693e-06 5.89566e-06
8.47070e+02 1.00087e-02 9.85528e-03 1.11653e-02 1.15926e-02 9.03834e-03 1.50111e-02
2.77270e+03 2.11346e-07 1.79661e-07 2.44293e-07 2.21030e-07 1.72496e-07 2.83702e-07
8.66300e+02 9.19300e-03 8.21610e-03 9.85678e-03 1.03865e-02 8.31217e-03 1.29350e-02
1.29150e+03 6.23150e-04 5.50770e-04 7.11128e-04 6.61964e-04 5.43462e-04 8.40856e-04
2.24280e+03 3.32638e-06 2.85387e-06 3.89614e-06 3.48117e-06 2.82034e-06 4.50837e-06
3.89480e+02 5.14784e-01 4.81436e-01 5.44608e-01 6.34928e-01 4.49643e-01 7.95054e-01
1.14900e+03 1.45318e-03 1.28668e-03 1.60743e-03 1.58386e-03 1.30486e-03 1.99890e-03
8.43820e+02 1.03840e-02 9.74701e-03 1.20905e-02 1.19961e-02 9.40837e-03 1.48858e-02
3.45600e+02 8.46069e-01 8.01121e-01 8.71749e-01 1.04791e+00 7.60219e-01 1.35661e+00
2.53790e+03 7.09389e-07 6.10734e-07 8.31236e-07 7.37356e-07 5.87388e-07 9.66046e-07
9.01390e+02 7.26814e-03 6.10667e-03 8.09155e-03 7.93041e-03 6.20421e-03 1.02072e-02
4.73340e+02 2.13088e-01 1.99509e-01 2.25812e-01 2.46123e-01 1.83170e-01 3.29642e-01
2.32860e+03 2.12068e-06 1.78556e-06 2.49286e-06 2.22252e-06 1.81643e-06 2.89303e-06
9.93540e+02 3.86658e-03 3.57482e-03 4.29953e-03 4.43250e-03 3.37146e-03 5.50633e-03
2.27820e+03 2.78230e-06 2.33803e-06 3.16841e-06 2.85081e-06 2.33170e-06 3.80480e-06
2.92550e+03 9.46608e-08 8.03717e-08 1.15818e-07 1.05602e-07 8.01921e-08 1.31062e-07
9.02020e+02 7.12226e-03 6.44702e-03 7.95422e-03 8.05705e-03 6.29807e-03 9.91610e-03
1.23790e+03 8.41668e-04 7.59404e-04 9.68269e-04 9.34946e-04 7.45442e-04 1.17432e-03
9.78290e+02 4.36479e-03 3.85773e-03 4.80678e-03 4.73133e-03 3.85197e-03 6.06510e-03
1.21570e+03 9.81933e-04 8.74318e-04 1.04579e-03 1.07061e-03 8.73811e-04 1.33425e-03
1.01630e+03 3.38348e-03 3.12830e-03 3.70976e-03 3.79027e-03 2.96162e-03 4.72214e-03
1.59580e+03 1.09267e-04 9.84867e-05 1.26318e-04 1.20475e-04 9.33286e-05 1.51321e-04
3.33450e+02 9.76591e-01 9.30998e-01 1.00788e+00 1.18709e+00 8.65764e-01 1.53944e+00
1.11200e+03 1.89377e-03 1.62524e-03 2.02608e-03 2.03444e-03 1.58716e-03 2.61169e-03
1.75800e+03 4.41391e-05 3.99774e-05 5.12846e-05 4.73242e-05 3.72032e-05 6.00016e-05
1.68010e+03 6.86465e-05 6.01344e-05 7.72408e-05 7.47608e-05 5.91806e-05 9.33294e-05
1.86140e+03 2.60939e-05 2.16188e-05 2.95178e-05 2.72048e-05 2.16406e-05 3.53899e-05
2.30080e+03 2.39861e-06 2.11844e-06 2.88004e-06 2.51133e-06 2.04584e-06 3.34887e-06
9.27490e+02 5.97506e-03 5.50992e-03 6.83695e-03 6.54981e-03 5.30252e-03 8.53496e-03
1.18050e+03 1.21025e-03 1.05667e-03 1.33469e-03 1.28280e-03 1.02656e-03 1.66933e-03
2.35370e+03 1.85705e-06 1.61343e-06 2.20192e-06 1.95933e-06 1.56978e-06 2.55480e-06
1.39870e+03 3.33114e-04 2.97472e-04 3.82781e-04 3.53398e-04 2.81795e-04 4.57827e-04
2.22820e+03 3.59110e-06 3.10667e-06 4.26960e-06 3.92742e-06 2.93926e-06 4.86680e-06
1.57780e+03 1.17921e-04 1.06620e-04 1.36309e-04 1.29253e-04 1.07921e-04 1.64523e-04
1.31510e+03 5.30086e-04 4.72627e-04 6.06783e-04 5.67849e-04 4.57400e-04 7.40836e-04
3.12540e+03 3.58040e-08 3.00593e-08 4.23084e-08 3.73715e-08 2.96641e-08 4.80327e-08
5.42800e+02 1.11127e-01 1.04015e-01 1.17689e-01 1.29169e-01 1.01639e-01 1.67480e-01
7.59550e+02 1.97942e-02 1.76376e-02 2.08413e-02 2.24549e-02 1.75099e-02 2.83117e-02
7.92120e+02 1.49526e-02 1.40337e-02 1.65846e-02 1.72618e-02 1.37895e-02 2.17703e-02
2.03250e+03 1.00755e-05 8.70445e-06 1.20948e-05 1.07624e-05 8.72696e-06 1.40601e-05
2.38610e+03 1.48928e-06 1.32101e-06 1.90625e-06 1.71418e-06 1.29844e-06 2.15241e-06
1.05620e+03 2.62517e-03 2.37037e-03 2.79277e-03 2.86975e-03 2.33141e-03 3.67380e-03
1.00860e+03 3.51889e-03 3.14492e-03 3.90231e-03 3.94637e-03 3.09156e-03 4.96804e-03
1.25560e+02 3.69188e+01 3.69111e+01 3.54058e+01 5.19611e+01 3.31296e+01 6.92188e+01
2.84610e+03 1.45388e-07 1.24109e-07 1.73354e-07 1.49613e-07 1.19544e-07 1.98525e-07
2.01740e+03 1.12143e-05 9.53159e-06 1.28695e-05 1.18353e-05 9.36628e-06 1.56259e-05
8.72140e+02 8.70905e-03 7.81812e-03 9.31903e-03 9.56651e-03 7.61631e-03 1.24486e-02
2.72520e+03 2.64662e-07 2.24017e-07 3.13589e-07 2.79450e-07 2.15001e-07 3.69320e-07
2.16860e+03 4.91102e-06 4.17842e-06 6.07456e-06 5.11315e-06 4.06574e-06 6.95809e-06
1.98840e+02 7.28089e+00 7.12232e+00 7.46066e+00 9.58405e+00 6.51668e+00 1.28147e+01
1.54620e+03 1.47106e-04 1.28924e-04 1.63007e-04 1.53655e-04 1.23165e-04 1.90132e-04
1.44920e+03 2.49195e-04 2.20371e-04 2.80347e-04 2.68002e-04 2.13469e-04 3.46325e-04
1.35660e+03 4.08955e-04 3.78106e-04 4.63378e-04 4.52796e-04 3.77569e-04 6.00575e-04
2.72610e+03 2.64936e-07 2.23046e-07 3.23907e-07 2.84599e-07 2.18926e-07 3.64839e-07
1.79830e+03 3.58278e-05 3.06584e-05 4.20613e-05 3.85285e-05 3.04879e-05 4.99659e-05
2.10690e+03 6.95443e-06 6.03397e-06 8.07240e-06 7.19489e-06 5.64546e-06 9.55190e-06
1.83620e+03 2.87379e-05 2.52582e-05 3.27128e-05 3.14440e-05 2.52898e-05 3.99396e-05
4.61460e+02 2.40539e-01 2.23065e-01 2.54533e-01 2.70884e-01 2.11325e-01 3.61063e-01
2.71820e+03 2.72818e-07 2.29914e-07 3.32845e-07 2.89056e-07 2.29449e-07 3.78776e-07
7.94480e+02 1.52215e-02 1.38842e-02 1.62661e-02 1.70079e-02 1.41839e-02 2.17110e-02
5.05170e+02 1.54274e-01 1.47033e-01 1.70153e-01 1.80692e-01 1.40623e-01 2.38086e-01
3.07220e+03 4.68177e-08 3.88698e-08 5.53406e-08 5.01853e-08 3.94238e-08 6.52655e-08
9.96960e+02 3.81188e-03 3.52204e-03 4.22840e-03 4.12199e-03 3.33680e-03 5.05026e-03
