masses     LO_data     LO_up     LO_down     NLO_data     NLO_up     NLO_down
1.16400e+03 3.19579e-03 2.94242e-03 3.77453e-03 3.51922e-03 2.89033e-03 4.60359e-03
2.03660e+02 1.76521e+01 1.75043e+01 1.80316e+01 2.29964e+01 1.56014e+01 3.10154e+01
1.21280e+03 2.40536e-03 2.19172e-03 2.71310e-03 2.62731e-03 2.08623e-03 3.37544e-03
3.18900e+03 5.93059e-08 5.02358e-08 7.09172e-08 6.29488e-08 5.17424e-08 8.15852e-08
9.12700e+02 1.67534e-02 1.50955e-02 1.81573e-02 1.83307e-02 1.50158e-02 2.36847e-02
2.63200e+03 9.88621e-07 8.27550e-07 1.16888e-06 1.01334e-06 7.64794e-07 1.35608e-06
2.39080e+03 3.45164e-06 2.92947e-06 4.10145e-06 3.63309e-06 2.80847e-06 4.57004e-06
5.13010e+02 3.77621e-01 3.48671e-01 4.06005e-01 4.46474e-01 3.30103e-01 5.68167e-01
2.66500e+03 8.24166e-07 7.11951e-07 9.68018e-07 8.65261e-07 6.67793e-07 1.13037e-06
1.05280e+03 6.53614e-03 5.92370e-03 7.37624e-03 7.41115e-03 5.80556e-03 9.12416e-03
2.17520e+03 1.13060e-05 9.50628e-06 1.28980e-05 1.13585e-05 9.30691e-06 1.47839e-05
2.22490e+03 8.39859e-06 7.21299e-06 9.84571e-06 8.94788e-06 7.11036e-06 1.13864e-05
2.74570e+03 5.16165e-07 4.52722e-07 6.38091e-07 5.56365e-07 4.42379e-07 7.64151e-07
2.32140e+03 4.96778e-06 4.36183e-06 5.97678e-06 5.19400e-06 4.07324e-06 6.94265e-06
9.39400e+02 1.37514e-02 1.27795e-02 1.61206e-02 1.52130e-02 1.22949e-02 1.98964e-02
2.41210e+03 3.09234e-06 2.64899e-06 3.73280e-06 3.17316e-06 2.52132e-06 4.34197e-06
3.90390e+02 1.31036e+00 1.24947e+00 1.38384e+00 1.60700e+00 1.13949e+00 2.07036e+00
8.74530e+02 2.18908e-02 1.91997e-02 2.38262e-02 2.53901e-02 1.93661e-02 3.10019e-02
1.36830e+03 9.60864e-04 8.51976e-04 1.07793e-03 1.06672e-03 8.33484e-04 1.37002e-03
7.43720e+02 5.68452e-02 5.06689e-02 6.16662e-02 6.25318e-02 4.83490e-02 7.85468e-02
1.12280e+03 4.33954e-03 3.66285e-03 4.66440e-03 4.71403e-03 3.63846e-03 6.06901e-03
3.03920e+03 1.21234e-07 1.04842e-07 1.48801e-07 1.28025e-07 1.00154e-07 1.68186e-07
2.22350e+03 8.53326e-06 7.08779e-06 9.83953e-06 9.00954e-06 7.00979e-06 1.15653e-05
1.50120e+03 4.32166e-04 3.95965e-04 5.15466e-04 4.59732e-04 3.82665e-04 6.27177e-04
1.70620e+03 1.38089e-04 1.20025e-04 1.63497e-04 1.53404e-04 1.21075e-04 1.89452e-04
2.34170e+03 4.57342e-06 3.86552e-06 5.46772e-06 4.72359e-06 3.77932e-06 6.28391e-06
2.23360e+03 7.85819e-06 6.83578e-06 9.19181e-06 8.22553e-06 6.42274e-06 1.09933e-05
5.41590e+02 2.89264e-01 2.73104e-01 3.16513e-01 3.42304e-01 2.58385e-01 4.39755e-01
2.00630e+03 2.75963e-05 2.41661e-05 3.16878e-05 2.89723e-05 2.25148e-05 3.74195e-05
6.61310e+02 1.05749e-01 9.80895e-02 1.14954e-01 1.17927e-01 9.36657e-02 1.52163e-01
1.35580e+03 1.00823e-03 9.39153e-04 1.20828e-03 1.13210e-03 8.62281e-04 1.46300e-03
3.76810e+02 1.53665e+00 1.45897e+00 1.61454e+00 1.83268e+00 1.36491e+00 2.40150e+00
2.04380e+03 2.24325e-05 1.90629e-05 2.56573e-05 2.32232e-05 1.85115e-05 3.14901e-05
1.43220e+03 6.67782e-04 5.88129e-04 7.74126e-04 6.99158e-04 5.59218e-04 9.40061e-04
2.96690e+03 1.79412e-07 1.46906e-07 2.07878e-07 1.82682e-07 1.42338e-07 2.37834e-07
1.50250e+03 4.47685e-04 3.84471e-04 5.35606e-04 4.82738e-04 3.86307e-04 6.30096e-04
1.80070e+03 8.36279e-05 7.13094e-05 9.63834e-05 8.69555e-05 6.99467e-05 1.12148e-04
1.69530e+03 1.52671e-04 1.30540e-04 1.73221e-04 1.61417e-04 1.26216e-04 2.12144e-04
2.48700e+03 2.04015e-06 1.76971e-06 2.46285e-06 2.21151e-06 1.67866e-06 2.90473e-06
4.72740e+02 5.46939e-01 5.22328e-01 5.94915e-01 6.51437e-01 4.59389e-01 8.43417e-01
2.07030e+03 1.97529e-05 1.72984e-05 2.25501e-05 2.03769e-05 1.59258e-05 2.69956e-05
3.24110e+03 4.65811e-08 3.87008e-08 5.61513e-08 4.96649e-08 4.01441e-08 6.28502e-08
1.05270e+03 6.69635e-03 5.83875e-03 7.51430e-03 7.50630e-03 5.84891e-03 9.48526e-03
2.47170e+03 2.28428e-06 1.95753e-06 2.71320e-06 2.44696e-06 1.82913e-06 3.08924e-06
1.36180e+03 1.00699e-03 8.99158e-04 1.13473e-03 1.09310e-03 8.36982e-04 1.41582e-03
1.73770e+03 1.17032e-04 1.04342e-04 1.33898e-04 1.22470e-04 9.93610e-05 1.60235e-04
4.14080e+02 1.00630e+00 9.60937e-01 1.06412e+00 1.23355e+00 8.95706e-01 1.58213e+00
2.46660e+03 2.30463e-06 1.98586e-06 2.74969e-06 2.40813e-06 1.82887e-06 3.16233e-06
2.78130e+03 4.56688e-07 3.76105e-07 5.37736e-07 4.64862e-07 3.58806e-07 6.17851e-07
2.43810e+03 2.74141e-06 2.29367e-06 3.15446e-06 2.84815e-06 2.20499e-06 3.68433e-06
9.87890e+02 1.00750e-02 9.06066e-03 1.11037e-02 1.10448e-02 9.10437e-03 1.43450e-02
2.78950e+03 4.22638e-07 3.60453e-07 5.01681e-07 4.42590e-07 3.40131e-07 5.75923e-07
1.24840e+03 2.02057e-03 1.74036e-03 2.20405e-03 2.09914e-03 1.64558e-03 2.81735e-03
4.67120e+02 5.89432e-01 5.46647e-01 6.29211e-01 6.87515e-01 5.21164e-01 9.06734e-01
3.08470e+03 9.87663e-08 8.29042e-08 1.14763e-07 1.02440e-07 8.16097e-08 1.35501e-07
1.24080e+03 2.12050e-03 1.87299e-03 2.38843e-03 2.19293e-03 1.80677e-03 2.85505e-03
3.06030e+03 1.08810e-07 9.23998e-08 1.31287e-07 1.18380e-07 9.11599e-08 1.49607e-07
1.15990e+03 3.37394e-03 2.98985e-03 3.75223e-03 3.84521e-03 2.73712e-03 4.51238e-03
3.52470e+02 2.02173e+00 1.94240e+00 2.12041e+00 2.39606e+00 1.75653e+00 3.22821e+00
2.16510e+03 1.16874e-05 9.89676e-06 1.37091e-05 1.21195e-05 9.72119e-06 1.58641e-05
1.37150e+03 9.00984e-04 8.63233e-04 1.07509e-03 1.00849e-03 7.91038e-04 1.32470e-03
1.65650e+03 1.89266e-04 1.67519e-04 2.18841e-04 1.97170e-04 1.58358e-04 2.54861e-04
3.17770e+03 6.38732e-08 5.31701e-08 7.50764e-08 6.72406e-08 5.36098e-08 8.49630e-08
3.02390e+03 1.31740e-07 1.12835e-07 1.59795e-07 1.35753e-07 1.10151e-07 1.80200e-07
2.94000e+03 2.01973e-07 1.70455e-07 2.33517e-07 2.07939e-07 1.67309e-07 2.81796e-07
1.21320e+03 2.40891e-03 2.17686e-03 2.71923e-03 2.59434e-03 2.14420e-03 3.47892e-03
2.49680e+02 8.25142e+00 7.79947e+00 8.36916e+00 1.05006e+01 7.14684e+00 1.38745e+01
1.67130e+03 1.69661e-04 1.48319e-04 1.97238e-04 1.85765e-04 1.40194e-04 2.34856e-04
9.37510e+02 1.43847e-02 1.26366e-02 1.60226e-02 1.50334e-02 1.26391e-02 2.06702e-02
3.14540e+03 7.13653e-08 6.13849e-08 8.82916e-08 7.88756e-08 6.00526e-08 9.99243e-08
4.45020e+02 7.23311e-01 6.90831e-01 7.86726e-01 8.66657e-01 6.42607e-01 1.14066e+00
1.70350e+03 1.46860e-04 1.28206e-04 1.69270e-04 1.54688e-04 1.17851e-04 1.96054e-04
2.33920e+03 4.66047e-06 4.01401e-06 5.36883e-06 4.70773e-06 3.73996e-06 6.21800e-06
9.94780e+02 9.46531e-03 8.84666e-03 1.06572e-02 1.05588e-02 8.42388e-03 1.34449e-02
2.37320e+03 3.80225e-06 3.26422e-06 4.59597e-06 3.99241e-06 3.14484e-06 5.25254e-06
1.62800e+03 2.23292e-04 1.92007e-04 2.62637e-04 2.38840e-04 1.86462e-04 2.98185e-04
3.10450e+03 9.04786e-08 7.68074e-08 1.07329e-07 9.46621e-08 7.20828e-08 1.22136e-07
3.49240e+03 1.51064e-08 1.21392e-08 1.77695e-08 1.62932e-08 1.26193e-08 2.10343e-08
1.63790e+03 2.06105e-04 1.80203e-04 2.36084e-04 2.26712e-04 1.71481e-04 2.78026e-04
3.16540e+02 3.17870e+00 3.03612e+00 3.30188e+00 3.84210e+00 2.65776e+00 5.17291e+00
1.59610e+03 2.61673e-04 2.35287e-04 3.01588e-04 2.77777e-04 2.21096e-04 3.59795e-04
9.50920e+02 1.24544e-02 1.14681e-02 1.41125e-02 1.49712e-02 1.08348e-02 1.88816e-02
3.42220e+03 2.07868e-08 1.67383e-08 2.47110e-08 2.22101e-08 1.75124e-08 2.83792e-08
3.21120e+03 5.42022e-08 4.53956e-08 6.48554e-08 5.82183e-08 4.48713e-08 7.23060e-08
1.93410e+03 4.07307e-05 3.47860e-05 4.76497e-05 4.17208e-05 3.40311e-05 5.52192e-05
2.29590e+03 5.55906e-06 4.96447e-06 6.75792e-06 5.98748e-06 4.73371e-06 7.71589e-06
5.83700e+02 2.00286e-01 1.86078e-01 2.18776e-01 2.30485e-01 1.75710e-01 2.98885e-01
2.00550e+03 2.74027e-05 2.35343e-05 3.16838e-05 2.84284e-05 2.30776e-05 3.85195e-05
3.39060e+03 2.32007e-08 1.99166e-08 2.82727e-08 2.52376e-08 2.02976e-08 3.14450e-08
6.34100e+02 1.30774e-01 1.22953e-01 1.43218e-01 1.49128e-01 1.17438e-01 1.95603e-01
3.41660e+03 2.09388e-08 1.75690e-08 2.54698e-08 2.30180e-08 1.82386e-08 2.80692e-08
1.73290e+03 1.20360e-04 1.07366e-04 1.41011e-04 1.26910e-04 9.92721e-05 1.68029e-04
6.34770e+02 1.32126e-01 1.18962e-01 1.43396e-01 1.45326e-01 1.12721e-01 1.95909e-01
2.03680e+03 2.36638e-05 1.98407e-05 2.75428e-05 2.53265e-05 1.93186e-05 3.16151e-05
6.56120e+02 1.10713e-01 1.00570e-01 1.18983e-01 1.24690e-01 9.87816e-02 1.61873e-01
2.37010e+03 3.82304e-06 3.28838e-06 4.61323e-06 4.01035e-06 3.11385e-06 5.29441e-06
6.56080e+02 1.09208e-01 1.01360e-01 1.22815e-01 1.23970e-01 9.70999e-02 1.57556e-01
2.29810e+03 5.69838e-06 4.95608e-06 6.83463e-06 6.09092e-06 4.65487e-06 7.68985e-06
2.13400e+03 1.38744e-05 1.19653e-05 1.62394e-05 1.46081e-05 1.12961e-05 1.85772e-05
2.39940e+03 3.31696e-06 2.90574e-06 3.99219e-06 3.54461e-06 2.71567e-06 4.47994e-06
1.14890e+03 3.48018e-03 3.25478e-03 3.98645e-03 3.88351e-03 3.05505e-03 5.02065e-03
3.23840e+03 4.77976e-08 3.97643e-08 5.61329e-08 5.00800e-08 4.03855e-08 6.48316e-08
1.24250e+03 2.07361e-03 1.79821e-03 2.31932e-03 2.19070e-03 1.76727e-03 2.86963e-03
3.76150e+02 1.54961e+00 1.46224e+00 1.62448e+00 1.82191e+00 1.35804e+00 2.40414e+00
2.74660e+03 5.33512e-07 4.57140e-07 6.52966e-07 5.37915e-07 4.26399e-07 7.30621e-07
2.42820e+03 2.86101e-06 2.43103e-06 3.36830e-06 2.93971e-06 2.32143e-06 3.90066e-06
2.81480e+03 3.77318e-07 3.22430e-07 4.50945e-07 3.88214e-07 3.11240e-07 5.07009e-07
6.44550e+02 1.23126e-01 1.10823e-01 1.33716e-01 1.37922e-01 1.03943e-01 1.76639e-01
2.82750e+03 3.52488e-07 3.03246e-07 4.21804e-07 3.79951e-07 2.83132e-07 4.90616e-07
1.16780e+03 3.30334e-03 2.93030e-03 3.64961e-03 3.43744e-03 2.75771e-03 4.52695e-03
7.16480e+02 6.92382e-02 6.45547e-02 7.45702e-02 7.88068e-02 5.83774e-02 9.91632e-02
2.39670e+03 3.39777e-06 2.78877e-06 3.98594e-06 3.42195e-06 2.79585e-06 4.56275e-06
1.26130e+03 1.84746e-03 1.64793e-03 2.09847e-03 1.94028e-03 1.54757e-03 2.53530e-03
2.41110e+03 3.10268e-06 2.65190e-06 3.68033e-06 3.19984e-06 2.60464e-06 4.29367e-06
2.34390e+03 4.52027e-06 3.74868e-06 5.09169e-06 4.74257e-06 3.57136e-06 6.15672e-06
3.27520e+03 3.92572e-08 3.32725e-08 4.65890e-08 4.24812e-08 3.34192e-08 5.61134e-08
1.90170e+03 4.80803e-05 4.18888e-05 5.72666e-05 5.00527e-05 3.86555e-05 6.53590e-05
2.24290e+03 7.61474e-06 6.30926e-06 8.86690e-06 7.99725e-06 5.86133e-06 1.04645e-05
1.94580e+03 3.78947e-05 3.33399e-05 4.38743e-05 3.93751e-05 3.05105e-05 5.22154e-05
1.06910e+03 6.16376e-03 5.38883e-03 6.64311e-03 6.50872e-03 5.13446e-03 8.53218e-03
1.45520e+03 5.94198e-04 5.37900e-04 6.82252e-04 6.07960e-04 5.00230e-04 8.05093e-04
1.32380e+03 1.26996e-03 1.16278e-03 1.41688e-03 1.35135e-03 1.07094e-03 1.71836e-03
2.14890e+02 1.44072e+01 1.43238e+01 1.48283e+01 1.83749e+01 1.22776e+01 2.53969e+01
1.70090e+03 1.45107e-04 1.30440e-04 1.70048e-04 1.60164e-04 1.21253e-04 1.97500e-04
3.01060e+03 1.41843e-07 1.18627e-07 1.66903e-07 1.46081e-07 1.17112e-07 1.96504e-07
2.35560e+03 4.19502e-06 3.69611e-06 4.89051e-06 4.28758e-06 3.35457e-06 5.77092e-06
3.40260e+03 2.20192e-08 1.88150e-08 2.62614e-08 2.38673e-08 1.93795e-08 3.07943e-08
2.58030e+03 1.27447e-06 1.06776e-06 1.53165e-06 1.33290e-06 1.05704e-06 1.69937e-06
4.04700e+02 1.12277e+00 1.06799e+00 1.17569e+00 1.32503e+00 9.93754e-01 1.78998e+00
9.36370e+02 1.43109e-02 1.27977e-02 1.59802e-02 1.60762e-02 1.26742e-02 2.00504e-02
6.09060e+02 1.61404e-01 1.50669e-01 1.76468e-01 1.86648e-01 1.47518e-01 2.42967e-01
2.09360e+03 1.70391e-05 1.45899e-05 1.98054e-05 1.76719e-05 1.40169e-05 2.29194e-05
2.97620e+03 1.65999e-07 1.40208e-07 2.03941e-07 1.74275e-07 1.41568e-07 2.25394e-07
1.62060e+03 2.32360e-04 1.97965e-04 2.65891e-04 2.49997e-04 1.90128e-04 3.15689e-04
1.18390e+03 2.96592e-03 2.54783e-03 3.33738e-03 3.18799e-03 2.56753e-03 3.98088e-03
1.79290e+03 8.50496e-05 7.44434e-05 1.01346e-04 9.21645e-05 7.10569e-05 1.23573e-04
1.00810e+03 8.78600e-03 8.03080e-03 9.79849e-03 9.86742e-03 7.59776e-03 1.22987e-02
3.47720e+03 1.59498e-08 1.37979e-08 1.92720e-08 1.75336e-08 1.40797e-08 2.24517e-08
2.54400e+03 1.60115e-06 1.33418e-06 1.82457e-06 1.61101e-06 1.26358e-06 2.14423e-06
3.44640e+02 2.24526e+00 2.13296e+00 2.35327e+00 2.71729e+00 1.90066e+00 3.60441e+00
3.11490e+03 8.46167e-08 7.19824e-08 1.00037e-07 8.89824e-08 7.10497e-08 1.16233e-07
3.44190e+03 1.87307e-08 1.56432e-08 2.19478e-08 1.99594e-08 1.60274e-08 2.60861e-08
2.73220e+03 5.80373e-07 4.69722e-07 6.85054e-07 6.20366e-07 4.69973e-07 7.71476e-07
8.18670e+02 3.24942e-02 2.84750e-02 3.42118e-02 3.59873e-02 2.71184e-02 4.70162e-02
1.16870e+03 3.17935e-03 2.93189e-03 3.56106e-03 3.54285e-03 2.74351e-03 4.44484e-03
8.73380e+02 2.23023e-02 2.00731e-02 2.39572e-02 2.36798e-02 1.86328e-02 3.19605e-02
3.09140e+03 9.61619e-08 7.99006e-08 1.10489e-07 1.00994e-07 7.75521e-08 1.29864e-07
2.01370e+03 2.52900e-05 2.26588e-05 3.18061e-05 2.72321e-05 2.14440e-05 3.57734e-05
2.28920e+03 5.88313e-06 5.09809e-06 6.94205e-06 6.17100e-06 5.01032e-06 8.02339e-06
1.16870e+03 3.15031e-03 2.82318e-03 3.61661e-03 3.42484e-03 2.77038e-03 4.41837e-03
2.75910e+03 5.03982e-07 4.17633e-07 6.09008e-07 5.19455e-07 4.09241e-07 6.93326e-07
9.81940e+02 1.03854e-02 9.39082e-03 1.22426e-02 1.17340e-02 9.18057e-03 1.43561e-02
1.70250e+03 1.40886e-04 1.31731e-04 1.64375e-04 1.56983e-04 1.22121e-04 1.98482e-04
3.21620e+03 5.30947e-08 4.52362e-08 6.32766e-08 5.53516e-08 4.36907e-08 7.17538e-08
1.30070e+03 1.45941e-03 1.29831e-03 1.58807e-03 1.54479e-03 1.25515e-03 2.04194e-03
2.64710e+03 8.80581e-07 7.86679e-07 1.06065e-06 9.45896e-07 7.04996e-07 1.25806e-06
3.67570e+02 1.71951e+00 1.61506e+00 1.79471e+00 2.09331e+00 1.49427e+00 2.72620e+00
9.85350e+02 1.03324e-02 9.27551e-03 1.13990e-02 1.09434e-02 8.91854e-03 1.44649e-02
2.32440e+02 1.06888e+01 1.05569e+01 1.11419e+01 1.36647e+01 9.45428e+00 1.86313e+01
1.55930e+03 3.21232e-04 2.84529e-04 3.63483e-04 3.36353e-04 2.73363e-04 4.48396e-04
1.12500e+03 4.19058e-03 3.75490e-03 4.75754e-03 4.63463e-03 3.67207e-03 5.94366e-03
8.83720e+02 1.99443e-02 1.77147e-02 2.25684e-02 2.28295e-02 1.75783e-02 2.90397e-02
1.89050e+03 5.29963e-05 4.55135e-05 6.00096e-05 5.49316e-05 4.19917e-05 6.94367e-05
2.88180e+02 4.65609e+00 4.45808e+00 4.80202e+00 5.64277e+00 3.98308e+00 7.80868e+00
2.76820e+02 5.46487e+00 5.24614e+00 5.69237e+00 6.86238e+00 4.66810e+00 9.10435e+00
1.86330e+03 6.01797e-05 4.94777e-05 6.70599e-05 6.40460e-05 4.82824e-05 8.15697e-05
3.02310e+03 1.33391e-07 1.13046e-07 1.55476e-07 1.41040e-07 1.08557e-07 1.80537e-07
3.47820e+03 1.60011e-08 1.33038e-08 1.88228e-08 1.67985e-08 1.36922e-08 2.14371e-08
2.61420e+03 1.03503e-06 9.08561e-07 1.26883e-06 1.11362e-06 8.66682e-07 1.42607e-06
2.31930e+02 1.09686e+01 1.04596e+01 1.10578e+01 1.39528e+01 9.07214e+00 1.87615e+01
9.74580e+02 1.10497e-02 9.94347e-03 1.25074e-02 1.19367e-02 9.47264e-03 1.58154e-02
2.38030e+03 3.61317e-06 3.12255e-06 4.34046e-06 3.81587e-06 2.91537e-06 5.06136e-06
3.23220e+03 4.94958e-08 4.11132e-08 5.88534e-08 5.14036e-08 4.04107e-08 6.58845e-08
7.86480e+02 4.01261e-02 3.64928e-02 4.42041e-02 4.73834e-02 3.51422e-02 5.87926e-02
3.16870e+03 6.53123e-08 5.40145e-08 7.69929e-08 6.95004e-08 5.52081e-08 9.02765e-08
1.01880e+03 8.26028e-03 7.40724e-03 9.46052e-03 8.69153e-03 7.04436e-03 1.14958e-02
2.15540e+03 1.26647e-05 1.03758e-05 1.45710e-05 1.28982e-05 9.74139e-06 1.63165e-05
1.03950e+03 7.12323e-03 6.88967e-03 8.12732e-03 7.84096e-03 6.18429e-03 9.81878e-03
2.17640e+03 1.09620e-05 9.49503e-06 1.27445e-05 1.15340e-05 8.86333e-06 1.48495e-05
2.97410e+03 1.69608e-07 1.41125e-07 1.99051e-07 1.80846e-07 1.42931e-07 2.38859e-07
8.13260e+02 3.42630e-02 3.06406e-02 3.70652e-02 3.74060e-02 2.83589e-02 4.90552e-02
1.02760e+03 7.75346e-03 7.02448e-03 8.89658e-03 8.36022e-03 6.70712e-03 1.08285e-02
2.36500e+03 3.98858e-06 3.31757e-06 4.78136e-06 4.07150e-06 3.32045e-06 5.33988e-06
2.04040e+03 2.28024e-05 1.94876e-05 2.65516e-05 2.36990e-05 1.85553e-05 3.06989e-05
2.66020e+03 8.32182e-07 7.18519e-07 9.90940e-07 8.84529e-07 6.84561e-07 1.15841e-06
2.30510e+03 5.38378e-06 4.76510e-06 6.56791e-06 5.69303e-06 4.56315e-06 7.58936e-06
9.39760e+02 1.34247e-02 1.27523e-02 1.58946e-02 1.53582e-02 1.18328e-02 2.00475e-02
1.68250e+03 1.61623e-04 1.40761e-04 1.83094e-04 1.74910e-04 1.31517e-04 2.21214e-04
2.48550e+03 2.12969e-06 1.78327e-06 2.49450e-06 2.19831e-06 1.72255e-06 2.90623e-06
1.80730e+03 8.21202e-05 6.93416e-05 9.21985e-05 8.74706e-05 6.67304e-05 1.10990e-04
2.00230e+03 2.82274e-05 2.41276e-05 3.31634e-05 2.96721e-05 2.21646e-05 3.95771e-05
1.78270e+03 9.33793e-05 8.38892e-05 1.05940e-04 1.00764e-04 7.91619e-05 1.26359e-04
5.64760e+02 2.38512e-01 2.22113e-01 2.53764e-01 2.69459e-01 2.03171e-01 3.54949e-01
8.01670e+02 3.59919e-02 3.34896e-02 3.94590e-02 4.09834e-02 3.21790e-02 5.32537e-02
4.86830e+02 4.84280e-01 4.53738e-01 5.21925e-01 5.63693e-01 4.19951e-01 7.46028e-01
1.35700e+03 1.03055e-03 9.32022e-04 1.15895e-03 1.11164e-03 8.72826e-04 1.41620e-03
1.85140e+03 6.19016e-05 5.45715e-05 7.48717e-05 6.84136e-05 5.28637e-05 8.73074e-05
2.53660e+02 7.63877e+00 7.54182e+00 7.94884e+00 9.84098e+00 6.72289e+00 1.32136e+01
2.69720e+03 6.84238e-07 5.77223e-07 8.20081e-07 7.12913e-07 5.46493e-07 9.18792e-07
8.79870e+02 2.11386e-02 1.93132e-02 2.40960e-02 2.30882e-02 1.75880e-02 3.04914e-02
1.70810e+03 1.42842e-04 1.21047e-04 1.65569e-04 1.48036e-04 1.20614e-04 1.91502e-04
3.49330e+03 1.46599e-08 1.23830e-08 1.78410e-08 1.63386e-08 1.28050e-08 2.00418e-08
1.43600e+03 6.60334e-04 5.73422e-04 7.34602e-04 7.03700e-04 5.28920e-04 9.09538e-04
3.25580e+03 4.29511e-08 3.60963e-08 5.13956e-08 4.81897e-08 3.55385e-08 6.07124e-08
1.90980e+03 4.68409e-05 3.99866e-05 5.43180e-05 4.82162e-05 3.68718e-05 6.24942e-05
6.25270e+02 1.40733e-01 1.30125e-01 1.54476e-01 1.66413e-01 1.23006e-01 2.08778e-01
1.50510e+03 4.33864e-04 3.73115e-04 5.04266e-04 4.75663e-04 3.67578e-04 5.84947e-04
8.94250e+02 1.88343e-02 1.70483e-02 2.09106e-02 2.13138e-02 1.70374e-02 2.74077e-02
3.49770e+03 1.47239e-08 1.20714e-08 1.69349e-08 1.58411e-08 1.26224e-08 2.07825e-08
2.42750e+03 2.88838e-06 2.41850e-06 3.44027e-06 2.91241e-06 2.31137e-06 3.91093e-06
1.16280e+03 3.45066e-03 3.00404e-03 3.73602e-03 3.60167e-03 2.88455e-03 4.61658e-03
2.22240e+03 8.65917e-06 7.19639e-06 1.00430e-05 8.75940e-06 7.06655e-06 1.17672e-05
1.61460e+03 2.34730e-04 2.00892e-04 2.69588e-04 2.57259e-04 1.97822e-04 3.26565e-04
2.91640e+03 2.21862e-07 1.85759e-07 2.67089e-07 2.40967e-07 1.83709e-07 3.04957e-07
2.41810e+03 3.00951e-06 2.56262e-06 3.66635e-06 3.20400e-06 2.45423e-06 4.07565e-06
2.44310e+03 2.62285e-06 2.26875e-06 3.17004e-06 2.73334e-06 2.13310e-06 3.51298e-06
3.18480e+03 6.02035e-08 5.21204e-08 7.22949e-08 6.70587e-08 4.99827e-08 8.27020e-08
3.35420e+03 2.76091e-08 2.32701e-08 3.44387e-08 3.01177e-08 2.37808e-08 3.72203e-08
9.84980e+02 1.05031e-02 9.18551e-03 1.14782e-02 1.12657e-02 9.07634e-03 1.45340e-02
5.55060e+02 2.59648e-01 2.39790e-01 2.80568e-01 3.00651e-01 2.19262e-01 3.91058e-01
1.41140e+03 7.56387e-04 6.70819e-04 8.66739e-04 8.14565e-04 6.36917e-04 1.05402e-03
3.36520e+03 2.59245e-08 2.22802e-08 3.13210e-08 2.96876e-08 2.24788e-08 3.64245e-08
1.96690e+03 3.40892e-05 2.89694e-05 3.94864e-05 3.45565e-05 2.81975e-05 4.62784e-05
3.19690e+03 5.70645e-08 4.90130e-08 6.72138e-08 6.07528e-08 4.78601e-08 7.91104e-08
9.29580e+02 1.42586e-02 1.33110e-02 1.68818e-02 1.69543e-02 1.26481e-02 2.11808e-02
5.37070e+02 3.06674e-01 2.84244e-01 3.29104e-01 3.45880e-01 2.66860e-01 4.48336e-01
2.10190e+03 1.66294e-05 1.43346e-05 1.87086e-05 1.76354e-05 1.29218e-05 2.25788e-05
2.29010e+03 5.90427e-06 5.12978e-06 6.87617e-06 6.19178e-06 5.00813e-06 8.09176e-06
2.76270e+03 4.81923e-07 4.20650e-07 5.83433e-07 5.14023e-07 3.94397e-07 6.60780e-07
3.18250e+03 6.22080e-08 5.21491e-08 7.34333e-08 6.50588e-08 5.14496e-08 8.24972e-08
2.45320e+03 2.50975e-06 2.07070e-06 2.91908e-06 2.61793e-06 2.01447e-06 3.36915e-06
3.35170e+03 2.77500e-08 2.44423e-08 3.37550e-08 2.98072e-08 2.39980e-08 3.80363e-08
2.96100e+03 1.76943e-07 1.48980e-07 2.17539e-07 1.87983e-07 1.52656e-07 2.47531e-07
4.94350e+02 4.58298e-01 4.27674e-01 4.82223e-01 5.24645e-01 3.89562e-01 6.89349e-01
3.27490e+03 3.98756e-08 3.40561e-08 4.73703e-08 4.16958e-08 3.34978e-08 5.60194e-08
3.16950e+03 6.53212e-08 5.57582e-08 7.89492e-08 6.82769e-08 5.43368e-08 8.95934e-08
1.27000e+03 1.72110e-03 1.51164e-03 1.97145e-03 1.84001e-03 1.47610e-03 2.42115e-03
2.94610e+03 1.91108e-07 1.63168e-07 2.29952e-07 2.00350e-07 1.59526e-07 2.63890e-07
2.99190e+03 1.56443e-07 1.28726e-07 1.82236e-07 1.59371e-07 1.27944e-07 2.07587e-07
6.93110e+02 8.42591e-02 7.63700e-02 8.87221e-02 9.12868e-02 7.15573e-02 1.20466e-01
5.80190e+02 2.04361e-01 1.91472e-01 2.24344e-01 2.39172e-01 1.79407e-01 3.05519e-01
2.04710e+03 2.19129e-05 1.89141e-05 2.54924e-05 2.35234e-05 1.83766e-05 3.07895e-05
1.67050e+03 1.74680e-04 1.49790e-04 2.06458e-04 1.81208e-04 1.44071e-04 2.34376e-04
1.81160e+03 7.97144e-05 6.92518e-05 8.93059e-05 8.44549e-05 6.51564e-05 1.09403e-04
1.73930e+03 1.17331e-04 1.02680e-04 1.32256e-04 1.27259e-04 9.51049e-05 1.61478e-04
6.40590e+02 1.26375e-01 1.16188e-01 1.34567e-01 1.45076e-01 1.08151e-01 1.81766e-01
1.72090e+03 1.29183e-04 1.14831e-04 1.48537e-04 1.41738e-04 1.07019e-04 1.81599e-04
2.75610e+03 5.06683e-07 4.31981e-07 6.00625e-07 5.26493e-07 4.21837e-07 7.16344e-07
2.63000e+03 9.95111e-07 8.15579e-07 1.18022e-06 1.01876e-06 8.07973e-07 1.34317e-06
2.85270e+03 3.07409e-07 2.63073e-07 3.66557e-07 3.23438e-07 2.51874e-07 4.25405e-07
3.11240e+03 8.87733e-08 7.27523e-08 1.02061e-07 9.08694e-08 7.17591e-08 1.18210e-07
1.89070e+03 5.16443e-05 4.53503e-05 5.87856e-05 5.35694e-05 4.15420e-05 6.95713e-05
6.72770e+02 9.56568e-02 8.94404e-02 1.03698e-01 1.08811e-01 8.31405e-02 1.42266e-01
3.48490e+03 1.56454e-08 1.27090e-08 1.87364e-08 1.66411e-08 1.31322e-08 2.12124e-08
1.32660e+03 1.28662e-03 1.09986e-03 1.38073e-03 1.33073e-03 1.02025e-03 1.64831e-03
2.41120e+03 3.10402e-06 2.64662e-06 3.65173e-06 3.23262e-06 2.58069e-06 4.25138e-06
1.40150e+03 8.12104e-04 7.29520e-04 9.02031e-04 8.34582e-04 6.72407e-04 1.07235e-03
1.37360e+03 9.32604e-04 8.19613e-04 1.06413e-03 9.89757e-04 8.40381e-04 1.28004e-03
2.22330e+03 8.25386e-06 7.29712e-06 9.96577e-06 8.83789e-06 6.67335e-06 1.13438e-05
1.62630e+03 2.23498e-04 1.93125e-04 2.52843e-04 2.37513e-04 1.83259e-04 2.98046e-04
8.66130e+02 2.36274e-02 2.05969e-02 2.58868e-02 2.48694e-02 2.06775e-02 3.29608e-02
1.57530e+03 3.04458e-04 2.57063e-04 3.38954e-04 3.23659e-04 2.46005e-04 4.00147e-04
1.51340e+03 4.25432e-04 3.74707e-04 4.92020e-04 4.49348e-04 3.49597e-04 5.74626e-04
2.80140e+03 3.95223e-07 3.43047e-07 4.74632e-07 4.27018e-07 3.30620e-07 5.57141e-07
2.99890e+03 1.45913e-07 1.28472e-07 1.75748e-07 1.52974e-07 1.22503e-07 2.06447e-07
2.30930e+03 5.44166e-06 4.53712e-06 6.43006e-06 5.52379e-06 4.45797e-06 7.30546e-06
1.43680e+03 6.27943e-04 5.73608e-04 7.20076e-04 6.87175e-04 5.39781e-04 8.95788e-04
2.06390e+03 2.03519e-05 1.74026e-05 2.37698e-05 2.11948e-05 1.63034e-05 2.72407e-05
1.41820e+03 7.27440e-04 6.40557e-04 8.23603e-04 7.83393e-04 6.12873e-04 9.81082e-04
7.31780e+02 6.15745e-02 5.65226e-02 6.62301e-02 6.81634e-02 5.28165e-02 8.88422e-02
3.28700e+03 3.74809e-08 3.15507e-08 4.51762e-08 4.04129e-08 3.24125e-08 5.07695e-08
1.06520e+03 6.14666e-03 5.24705e-03 6.83549e-03 6.55385e-03 5.29379e-03 8.33026e-03
1.89550e+03 4.83668e-05 4.33952e-05 5.68394e-05 5.24917e-05 4.18165e-05 6.57260e-05
1.58420e+03 2.81605e-04 2.48427e-04 3.22272e-04 3.00806e-04 2.31344e-04 3.90630e-04
8.43540e+02 2.64645e-02 2.47866e-02 2.89594e-02 2.96156e-02 2.41369e-02 3.87609e-02
4.90750e+02 4.67333e-01 4.48190e-01 4.95102e-01 5.51541e-01 4.00102e-01 7.01204e-01
7.34620e+02 6.14681e-02 5.57939e-02 6.33659e-02 6.92476e-02 5.08555e-02 8.58213e-02
9.39270e+02 1.39664e-02 1.27758e-02 1.55153e-02 1.55763e-02 1.20767e-02 1.97534e-02
3.11290e+03 8.44121e-08 7.21141e-08 1.04765e-07 9.19119e-08 7.01511e-08 1.16357e-07
1.46050e+03 5.63397e-04 5.12672e-04 6.69514e-04 5.95003e-04 4.77346e-04 7.88810e-04
6.59620e+02 1.06676e-01 9.93552e-02 1.16121e-01 1.22289e-01 9.49122e-02 1.56269e-01
3.46990e+03 1.60949e-08 1.36502e-08 2.04579e-08 1.78323e-08 1.46306e-08 2.33430e-08
3.18970e+03 5.85923e-08 5.09685e-08 7.06728e-08 6.21854e-08 4.91475e-08 8.07653e-08
2.91420e+02 4.44822e+00 4.22953e+00 4.63968e+00 5.60555e+00 3.77649e+00 7.31303e+00
3.14740e+03 7.13927e-08 6.01758e-08 8.56070e-08 7.78206e-08 6.19753e-08 9.63533e-08
3.26720e+03 4.01865e-08 3.53427e-08 4.85772e-08 4.48407e-08 3.47371e-08 5.63146e-08
2.42740e+03 2.81186e-06 2.45046e-06 3.37140e-06 3.03082e-06 2.30628e-06 3.88991e-06
3.82160e+02 1.43594e+00 1.37704e+00 1.51380e+00 1.72437e+00 1.26515e+00 2.29048e+00
9.59030e+02 1.22989e-02 1.10892e-02 1.36464e-02 1.31582e-02 1.06873e-02 1.65076e-02
2.44430e+03 2.66584e-06 2.20561e-06 3.10913e-06 2.80209e-06 2.11260e-06 3.59339e-06
2.89250e+02 4.55886e+00 4.41668e+00 4.72383e+00 5.67821e+00 4.07927e+00 7.68361e+00
1.17860e+03 3.04389e-03 2.65200e-03 3.41307e-03 3.17519e-03 2.55043e-03 4.20889e-03
2.64870e+03 8.86682e-07 7.50776e-07 1.03840e-06 9.40727e-07 7.26949e-07 1.21737e-06
1.71040e+03 1.38804e-04 1.15609e-04 1.58080e-04 1.43958e-04 1.16082e-04 1.84986e-04
2.49280e+03 2.04591e-06 1.70242e-06 2.41552e-06 2.11603e-06 1.64725e-06 2.77460e-06
2.14240e+03 1.29587e-05 1.12989e-05 1.49996e-05 1.40155e-05 1.01615e-05 1.76426e-05
2.87470e+03 2.77428e-07 2.38628e-07 3.31617e-07 2.94944e-07 2.26723e-07 3.82224e-07
2.60520e+03 1.09796e-06 9.47384e-07 1.35995e-06 1.17253e-06 9.09848e-07 1.51375e-06
2.86080e+03 2.93398e-07 2.47668e-07 3.65718e-07 3.04886e-07 2.41084e-07 4.05541e-07
1.65710e+03 1.90728e-04 1.64084e-04 2.15079e-04 1.94562e-04 1.50236e-04 2.53482e-04
1.15930e+03 3.41684e-03 3.01472e-03 3.74701e-03 3.64628e-03 2.91857e-03 4.68356e-03
1.13110e+03 4.06814e-03 3.65959e-03 4.49368e-03 4.41218e-03 3.34960e-03 5.62044e-03
2.48400e+03 2.13557e-06 1.76976e-06 2.54531e-06 2.23528e-06 1.74761e-06 2.87242e-06
3.09750e+03 9.25074e-08 7.63441e-08 1.09721e-07 9.99864e-08 7.64665e-08 1.29303e-07
2.69450e+03 6.99325e-07 5.98403e-07 8.25317e-07 7.37112e-07 5.75193e-07 9.72724e-07
2.27190e+03 6.56140e-06 5.58248e-06 7.53441e-06 6.77714e-06 5.30628e-06 8.90151e-06
1.23470e+03 2.14105e-03 1.91427e-03 2.45938e-03 2.33739e-03 1.82832e-03 3.02084e-03
3.32250e+02 2.62313e+00 2.49044e+00 2.72158e+00 3.18723e+00 2.27300e+00 4.16948e+00
1.31560e+03 1.33231e-03 1.17570e-03 1.53074e-03 1.38304e-03 1.06077e-03 1.83405e-03
2.19840e+03 9.72063e-06 8.40522e-06 1.14206e-05 1.01262e-05 7.86243e-06 1.31183e-05
2.39060e+03 3.49745e-06 2.94116e-06 4.12839e-06 3.61560e-06 2.78145e-06 4.63687e-06
4.26210e+02 8.82039e-01 8.34104e-01 9.52670e-01 1.04062e+00 7.58338e-01 1.38433e+00
1.77790e+03 9.32006e-05 8.21949e-05 1.12526e-04 1.01722e-04 7.73818e-05 1.24336e-04
2.55110e+03 1.52675e-06 1.29678e-06 1.76755e-06 1.59106e-06 1.23106e-06 1.98012e-06
1.63280e+03 2.13196e-04 1.82728e-04 2.49401e-04 2.30270e-04 1.78229e-04 2.93170e-04
2.44300e+03 2.65046e-06 2.23310e-06 3.08545e-06 2.80238e-06 2.11374e-06 3.53389e-06
3.38410e+03 2.41986e-08 2.06102e-08 2.90505e-08 2.53359e-08 2.10659e-08 3.36644e-08
1.18470e+03 2.92041e-03 2.59641e-03 3.39035e-03 3.14237e-03 2.53363e-03 4.09437e-03
3.34510e+03 2.95922e-08 2.39674e-08 3.49742e-08 2.98670e-08 2.47264e-08 3.97051e-08
2.35010e+03 4.30760e-06 3.69993e-06 5.08153e-06 4.50946e-06 3.49257e-06 5.79543e-06
2.59630e+03 1.15798e-06 1.00579e-06 1.41474e-06 1.21912e-06 9.37174e-07 1.55484e-06
3.27010e+03 3.96821e-08 3.47907e-08 4.81935e-08 4.40769e-08 3.50479e-08 5.56126e-08
5.21040e+02 3.51257e-01 3.25559e-01 3.80314e-01 4.05596e-01 3.02416e-01 5.35470e-01
9.91820e+02 1.00709e-02 9.27002e-03 1.08573e-02 1.09370e-02 8.53199e-03 1.38217e-02
2.81390e+03 3.86596e-07 3.21423e-07 4.49011e-07 3.98503e-07 3.12490e-07 5.27455e-07
2.64040e+02 6.60832e+00 6.35490e+00 6.79500e+00 8.42265e+00 5.54137e+00 1.11985e+01
9.83960e+02 1.04373e-02 9.35638e-03 1.11676e-02 1.17014e-02 8.82790e-03 1.44827e-02
2.77500e+03 4.65869e-07 3.88979e-07 5.57777e-07 4.80720e-07 3.86985e-07 6.30839e-07
1.15130e+03 3.63081e-03 3.11250e-03 4.08897e-03 4.00327e-03 3.04908e-03 4.89180e-03
7.81110e+02 4.15926e-02 3.86179e-02 4.66347e-02 4.83438e-02 3.75313e-02 5.93728e-02
2.32600e+03 4.84751e-06 4.21477e-06 5.76643e-06 5.07984e-06 4.00243e-06 6.71121e-06
2.59160e+03 1.22582e-06 1.01559e-06 1.43152e-06 1.25682e-06 9.61935e-07 1.63782e-06
4.04780e+02 1.13676e+00 1.05126e+00 1.18436e+00 1.35087e+00 9.31480e-01 1.76984e+00
5.64790e+02 2.37368e-01 2.24854e-01 2.60410e-01 2.74405e-01 2.07703e-01 3.56929e-01
3.39020e+03 2.33452e-08 1.98749e-08 2.79125e-08 2.57385e-08 2.03457e-08 3.23798e-08
3.47360e+03 1.64531e-08 1.39463e-08 1.90277e-08 1.75234e-08 1.41875e-08 2.29386e-08
1.82300e+03 7.57342e-05 6.31959e-05 8.49577e-05 7.95347e-05 6.15384e-05 1.03816e-04
3.37590e+03 2.54692e-08 2.10311e-08 3.10047e-08 2.72560e-08 2.19983e-08 3.42937e-08
7.96630e+02 3.70469e-02 3.40708e-02 4.23517e-02 4.22119e-02 3.39222e-02 5.43096e-02
3.13960e+03 7.60648e-08 6.44229e-08 9.27905e-08 8.00645e-08 6.27204e-08 1.01517e-07
2.54300e+03 1.53410e-06 1.31331e-06 1.85495e-06 1.66361e-06 1.24947e-06 2.06560e-06
1.01600e+03 8.76997e-03 7.59481e-03 9.21939e-03 9.12203e-03 7.08027e-03 1.19756e-02
1.59070e+03 2.71845e-04 2.35327e-04 3.15910e-04 2.86695e-04 2.27904e-04 3.68639e-04
3.06290e+03 1.11333e-07 9.24609e-08 1.31483e-07 1.16236e-07 9.01299e-08 1.47872e-07
2.57110e+03 1.34242e-06 1.13255e-06 1.58930e-06 1.40386e-06 1.05775e-06 1.81831e-06
3.50440e+03 1.42230e-08 1.20404e-08 1.70118e-08 1.51216e-08 1.20380e-08 1.97330e-08
1.13580e+03 3.91427e-03 3.53137e-03 4.45853e-03 4.21900e-03 3.36283e-03 5.61064e-03
2.85640e+03 3.09805e-07 2.56222e-07 3.69083e-07 3.31693e-07 2.48195e-07 4.12835e-07
3.29400e+03 3.50911e-08 3.06040e-08 4.39948e-08 3.84668e-08 3.06198e-08 4.96243e-08
5.70780e+02 2.23031e-01 2.10053e-01 2.41931e-01 2.57220e-01 1.94711e-01 3.33080e-01
2.54070e+03 1.55167e-06 1.35222e-06 1.83082e-06 1.64448e-06 1.27529e-06 2.14877e-06
1.68090e+03 1.64397e-04 1.41650e-04 1.83553e-04 1.77032e-04 1.34641e-04 2.26726e-04
1.91040e+02 2.29555e+01 2.22100e+01 2.26026e+01 2.99095e+01 1.89805e+01 4.10570e+01
2.40100e+03 3.29535e-06 2.84363e-06 3.88473e-06 3.47150e-06 2.60278e-06 4.52229e-06
3.16980e+03 6.54017e-08 5.57818e-08 7.72740e-08 6.97825e-08 5.54089e-08 8.97868e-08
1.80500e+03 8.38016e-05 7.01217e-05 9.55892e-05 8.68874e-05 6.77783e-05 1.12157e-04
2.61860e+03 1.03492e-06 8.93476e-07 1.23437e-06 1.11695e-06 8.25872e-07 1.44038e-06
1.78000e+03 9.44266e-05 8.12147e-05 1.12251e-04 9.90019e-05 7.77849e-05 1.28062e-04
2.00320e+02 1.87168e+01 1.85537e+01 1.92583e+01 2.45218e+01 1.59460e+01 3.39057e+01
2.42010e+03 2.93262e-06 2.52750e-06 3.47080e-06 3.10137e-06 2.43487e-06 4.03333e-06
3.14560e+03 7.44480e-08 6.19088e-08 8.82358e-08 7.72673e-08 6.32070e-08 1.01127e-07
3.14220e+03 7.53495e-08 6.13090e-08 8.92479e-08 8.02531e-08 6.16629e-08 1.03405e-07
3.31690e+03 3.16127e-08 2.81021e-08 3.90826e-08 3.62113e-08 2.77342e-08 4.53493e-08
3.32470e+02 2.58487e+00 2.51598e+00 2.71768e+00 3.20752e+00 2.32739e+00 4.19314e+00
1.85530e+03 6.32540e-05 5.31070e-05 7.04397e-05 6.71798e-05 5.05426e-05 8.35711e-05
2.22630e+03 8.13775e-06 7.20531e-06 9.71991e-06 8.61595e-06 6.95234e-06 1.12150e-05
1.12920e+03 4.01718e-03 3.65572e-03 4.44532e-03 4.30994e-03 3.57081e-03 5.65308e-03
1.44680e+02 6.17772e+01 6.14429e+01 6.06615e+01 8.44442e+01 5.20446e+01 1.14285e+02
1.88840e+03 5.17647e-05 4.46885e-05 6.09002e-05 5.34435e-05 4.22171e-05 7.28066e-05
2.86200e+03 2.98739e-07 2.59582e-07 3.53313e-07 3.07524e-07 2.45298e-07 4.17218e-07
9.25040e+02 1.49657e-02 1.39130e-02 1.72546e-02 1.69904e-02 1.32916e-02 2.14340e-02
3.10560e+03 9.00232e-08 7.50255e-08 1.09913e-07 9.46681e-08 7.53307e-08 1.20655e-07
2.46440e+03 2.41031e-06 2.00667e-06 2.80198e-06 2.40120e-06 1.86691e-06 3.26778e-06
7.52060e+02 5.30887e-02 4.89558e-02 5.83737e-02 5.95681e-02 4.53717e-02 7.40333e-02
9.99650e+02 9.30032e-03 8.41633e-03 1.04675e-02 1.02186e-02 8.12187e-03 1.35082e-02
3.44970e+02 2.22661e+00 2.11812e+00 2.34189e+00 2.66728e+00 1.92984e+00 3.57946e+00
2.76180e+03 4.93840e-07 4.16401e-07 6.07314e-07 5.19361e-07 4.01190e-07 6.58810e-07
1.58130e+03 2.86906e-04 2.52521e-04 3.22240e-04 3.00578e-04 2.41147e-04 3.86644e-04
3.37980e+03 2.46043e-08 2.07524e-08 3.05404e-08 2.67315e-08 2.09499e-08 3.31811e-08
1.53400e+03 3.52704e-04 3.15740e-04 4.35743e-04 4.06487e-04 3.09338e-04 5.04594e-04
6.67450e+02 1.00611e-01 9.20519e-02 1.10687e-01 1.15821e-01 8.96384e-02 1.48252e-01
1.02200e+03 8.25718e-03 7.45324e-03 9.14893e-03 8.70011e-03 6.80047e-03 1.16013e-02
1.05240e+03 6.67278e-03 5.98465e-03 7.54901e-03 7.09458e-03 5.69223e-03 9.37328e-03
1.93590e+03 3.97739e-05 3.35727e-05 4.56986e-05 4.21086e-05 3.28014e-05 5.42789e-05
1.32430e+03 1.22495e-03 1.12677e-03 1.41196e-03 1.35410e-03 1.02904e-03 1.71856e-03
2.38090e+03 3.67753e-06 3.14365e-06 4.35713e-06 3.84824e-06 2.94436e-06 4.94583e-06
1.97570e+03 3.23098e-05 2.68256e-05 3.79807e-05 3.37743e-05 2.57495e-05 4.34645e-05
7.89170e+02 3.90191e-02 3.70842e-02 4.31582e-02 4.43578e-02 3.46468e-02 5.82551e-02
3.16610e+03 6.58119e-08 5.46548e-08 7.78764e-08 7.04477e-08 5.58633e-08 8.94242e-08
7.73840e+02 4.40522e-02 4.03246e-02 4.81699e-02 5.08695e-02 3.90278e-02 6.48778e-02
2.40860e+03 3.11157e-06 2.69587e-06 3.78913e-06 3.26116e-06 2.54228e-06 4.36293e-06
2.57570e+03 1.27352e-06 1.09305e-06 1.59149e-06 1.35064e-06 1.05956e-06 1.77465e-06
1.34400e+03 1.12992e-03 9.83390e-04 1.21264e-03 1.22467e-03 9.49022e-04 1.55686e-03
2.70010e+03 6.88516e-07 5.67878e-07 8.18548e-07 7.25935e-07 5.54418e-07 9.09397e-07
3.62460e+02 1.81208e+00 1.72502e+00 1.88684e+00 2.19184e+00 1.54815e+00 2.91113e+00
1.41760e+03 7.32633e-04 6.48516e-04 8.44689e-04 8.10092e-04 6.21911e-04 1.01209e-03
3.15860e+03 6.95565e-08 5.73935e-08 8.06483e-08 7.35290e-08 5.80709e-08 9.63408e-08
3.99250e+02 1.19874e+00 1.12527e+00 1.25491e+00 1.39080e+00 1.02749e+00 1.87534e+00
5.03030e+02 4.16710e-01 3.92219e-01 4.47335e-01 4.88625e-01 3.68821e-01 6.30293e-01
2.81440e+03 3.73825e-07 3.21967e-07 4.57718e-07 3.92849e-07 3.09935e-07 5.13732e-07
1.58880e+03 2.74597e-04 2.40849e-04 3.16989e-04 2.94145e-04 2.31505e-04 3.79541e-04
2.02270e+03 2.54934e-05 2.16169e-05 2.85729e-05 2.66403e-05 2.03771e-05 3.47891e-05
2.80020e+03 4.06790e-07 3.44409e-07 4.90232e-07 4.19924e-07 3.39641e-07 5.52540e-07
2.82780e+03 3.45536e-07 2.91504e-07 4.16977e-07 3.82302e-07 2.83278e-07 4.74334e-07
3.23080e+03 4.81403e-08 4.14110e-08 5.67172e-08 5.21129e-08 4.14060e-08 6.67992e-08
3.02990e+03 1.26096e-07 1.07820e-07 1.51639e-07 1.34220e-07 1.06704e-07 1.74680e-07
6.04150e+02 1.69677e-01 1.55988e-01 1.83750e-01 1.92999e-01 1.46948e-01 2.51093e-01
2.99120e+03 1.53845e-07 1.29032e-07 1.91205e-07 1.62097e-07 1.28641e-07 2.10488e-07
2.59800e+03 1.16190e-06 9.85823e-07 1.34836e-06 1.21494e-06 9.29133e-07 1.55203e-06
3.19940e+03 5.61302e-08 4.74049e-08 6.64722e-08 5.76844e-08 4.74129e-08 7.77483e-08
1.08370e+03 5.50568e-03 4.85407e-03 5.96879e-03 5.86385e-03 4.62247e-03 7.57166e-03
3.22710e+03 4.88351e-08 4.11769e-08 5.85332e-08 5.28676e-08 4.34326e-08 6.76698e-08
1.13480e+03 3.96999e-03 3.54386e-03 4.30058e-03 4.35128e-03 3.33725e-03 5.39872e-03
3.29510e+03 3.66907e-08 2.95761e-08 4.30392e-08 3.91869e-08 3.11291e-08 5.00795e-08
2.65850e+03 8.72220e-07 7.12941e-07 9.90904e-07 8.58733e-07 7.13305e-07 1.16317e-06
1.03640e+03 7.35860e-03 6.77734e-03 8.19857e-03 8.00264e-03 6.30063e-03 1.02648e-02
3.05210e+03 1.15647e-07 9.67904e-08 1.37443e-07 1.22153e-07 9.33121e-08 1.59177e-07
7.71990e+02 4.47109e-02 4.25283e-02 4.89268e-02 5.00512e-02 3.94399e-02 6.41070e-02
8.18820e+02 3.19422e-02 2.87970e-02 3.51700e-02 3.47580e-02 2.79665e-02 4.58612e-02
8.10450e+02 3.41436e-02 3.15768e-02 3.70132e-02 3.84476e-02 2.91017e-02 4.89539e-02
1.60400e+03 2.54479e-04 2.17072e-04 2.87505e-04 2.65119e-04 2.05250e-04 3.43705e-04
3.07900e+03 9.90805e-08 8.49682e-08 1.21299e-07 1.04890e-07 8.24688e-08 1.37306e-07
1.65850e+03 1.79020e-04 1.61411e-04 2.09722e-04 1.99654e-04 1.54870e-04 2.53233e-04
3.46140e+03 1.72529e-08 1.39669e-08 2.08401e-08 1.89339e-08 1.48017e-08 2.34015e-08
1.82050e+03 7.65545e-05 6.60975e-05 8.59675e-05 7.96682e-05 6.16251e-05 1.03946e-04
3.06710e+03 1.04040e-07 9.22864e-08 1.28445e-07 1.11315e-07 8.90994e-08 1.43105e-07
4.00120e+02 1.18053e+00 1.12019e+00 1.25705e+00 1.41058e+00 9.95022e-01 1.86103e+00
2.24550e+03 7.72958e-06 6.41748e-06 8.83779e-06 7.87899e-06 6.22000e-06 9.82225e-06
8.63630e+02 2.33743e-02 2.13376e-02 2.58298e-02 2.53747e-02 1.92302e-02 3.44948e-02
2.64180e+03 9.26978e-07 7.90946e-07 1.09428e-06 9.57452e-07 7.45129e-07 1.23649e-06
2.56900e+03 1.34459e-06 1.13960e-06 1.64012e-06 1.45465e-06 1.07883e-06 1.87054e-06
1.07930e+03 5.54249e-03 4.92604e-03 6.20115e-03 5.98377e-03 4.91407e-03 7.80180e-03
3.30960e+03 3.43061e-08 2.88921e-08 4.03070e-08 3.67433e-08 2.89368e-08 4.64320e-08
1.38860e+03 8.64528e-04 7.62196e-04 9.90250e-04 9.15992e-04 7.30171e-04 1.20759e-03
2.50510e+03 1.90710e-06 1.59902e-06 2.23486e-06 1.92321e-06 1.48274e-06 2.59174e-06
2.80440e+03 3.98110e-07 3.47468e-07 4.89361e-07 4.18588e-07 3.25931e-07 5.40282e-07
2.18690e+03 1.00332e-05 9.04655e-06 1.23806e-05 1.09606e-05 8.31700e-06 1.42959e-05
2.67210e+03 7.90352e-07 6.57092e-07 9.30491e-07 8.31501e-07 6.33640e-07 1.04825e-06
2.97750e+03 1.65823e-07 1.42695e-07 1.97577e-07 1.70293e-07 1.35275e-07 2.33048e-07
1.65050e+03 1.91411e-04 1.71868e-04 2.28940e-04 2.05402e-04 1.53132e-04 2.67489e-04
1.20780e+03 2.45551e-03 2.26855e-03 2.86150e-03 2.74393e-03 2.10699e-03 3.43557e-03
6.09580e+02 1.59069e-01 1.51636e-01 1.76656e-01 1.82177e-01 1.42414e-01 2.38577e-01
5.27880e+02 3.31636e-01 3.06731e-01 3.55137e-01 3.80125e-01 2.90255e-01 4.98430e-01
6.48370e+02 1.16370e-01 1.07824e-01 1.28278e-01 1.35227e-01 1.02296e-01 1.71608e-01
6.98190e+02 7.86151e-02 7.33060e-02 8.68445e-02 9.14599e-02 6.62574e-02 1.13640e-01
3.37130e+03 2.58287e-08 2.17022e-08 3.08852e-08 2.82060e-08 2.20318e-08 3.49510e-08
1.68140e+03 1.59787e-04 1.43615e-04 1.79031e-04 1.67926e-04 1.32750e-04 2.20907e-04
2.57240e+03 1.33298e-06 1.13901e-06 1.57693e-06 1.36161e-06 1.06907e-06 1.81319e-06
1.36210e+03 9.85526e-04 9.00427e-04 1.14527e-03 1.07664e-03 8.26474e-04 1.41795e-03
9.43220e+02 1.32624e-02 1.22406e-02 1.51045e-02 1.49107e-02 1.17111e-02 1.91066e-02
6.57800e+02 1.10577e-01 1.00544e-01 1.19678e-01 1.21324e-01 9.55020e-02 1.55384e-01
3.14760e+03 7.21677e-08 6.03183e-08 8.67969e-08 7.49124e-08 6.02046e-08 9.73327e-08
1.32110e+03 1.28178e-03 1.12669e-03 1.43874e-03 1.33624e-03 1.08420e-03 1.81718e-03
2.34110e+03 4.37473e-06 3.87793e-06 5.36692e-06 4.63842e-06 3.65487e-06 5.99823e-06
2.21790e+03 8.88309e-06 7.44594e-06 1.00861e-05 8.83654e-06 7.11985e-06 1.18048e-05
2.25470e+03 7.15929e-06 6.13961e-06 8.34596e-06 7.53700e-06 5.91439e-06 9.70699e-06
3.41540e+03 2.11185e-08 1.80225e-08 2.52352e-08 2.28385e-08 1.78101e-08 2.83690e-08
6.91790e+02 8.14335e-02 7.57703e-02 9.10188e-02 9.50998e-02 7.45921e-02 1.22284e-01
2.44500e+03 2.61187e-06 2.23810e-06 3.07899e-06 2.65617e-06 2.12911e-06 3.62383e-06
4.38350e+02 7.83180e-01 7.37397e-01 8.27293e-01 9.12712e-01 7.02080e-01 1.20990e+00
9.30860e+02 1.46179e-02 1.30919e-02 1.60935e-02 1.62392e-02 1.27285e-02 2.16782e-02
1.92270e+03 4.19509e-05 3.64586e-05 5.01797e-05 4.46638e-05 3.52846e-05 6.09128e-05
1.97470e+03 3.22069e-05 2.79923e-05 3.88103e-05 3.39528e-05 2.66194e-05 4.48237e-05
1.30300e+03 1.39097e-03 1.26724e-03 1.61121e-03 1.50766e-03 1.21762e-03 1.94166e-03
1.28030e+03 1.61230e-03 1.46169e-03 1.85420e-03 1.70933e-03 1.36608e-03 2.27152e-03
2.33220e+03 4.75005e-06 3.90649e-06 5.55796e-06 4.98948e-06 3.89125e-06 6.49641e-06
2.82610e+03 3.54272e-07 2.97066e-07 4.23122e-07 3.78354e-07 2.94098e-07 4.91982e-07
1.51820e+02 5.17920e+01 5.14406e+01 5.12990e+01 7.01933e+01 4.18574e+01 9.73426e+01
1.50460e+03 4.38745e-04 3.94756e-04 5.08309e-04 4.75740e-04 3.79163e-04 6.19690e-04
2.08840e+03 1.74017e-05 1.51116e-05 2.04381e-05 1.82776e-05 1.37995e-05 2.45460e-05
3.20800e+03 5.42725e-08 4.55634e-08 6.60514e-08 5.77808e-08 4.59882e-08 7.44834e-08
9.37690e+02 1.43516e-02 1.23740e-02 1.54258e-02 1.55899e-02 1.23445e-02 1.98915e-02
1.47310e+03 5.20791e-04 4.74032e-04 5.94424e-04 5.56585e-04 4.60551e-04 7.35002e-04
2.98690e+03 1.59559e-07 1.32952e-07 1.87487e-07 1.68739e-07 1.33809e-07 2.09642e-07
9.89380e+02 1.00328e-02 8.84967e-03 1.09871e-02 1.12386e-02 8.95524e-03 1.40694e-02
3.94940e+02 1.25892e+00 1.19849e+00 1.31727e+00 1.47305e+00 1.08225e+00 1.95332e+00
2.15440e+03 1.24006e-05 1.05464e-05 1.42291e-05 1.34623e-05 1.00435e-05 1.65447e-05
7.63460e+02 4.68058e-02 4.39171e-02 5.19999e-02 5.54587e-02 4.10794e-02 6.86115e-02
2.84660e+03 3.25779e-07 2.71372e-07 3.91084e-07 3.34409e-07 2.61412e-07 4.41923e-07
1.38310e+03 8.68350e-04 8.13772e-04 1.00827e-03 9.35713e-04 7.44148e-04 1.26434e-03
1.85820e+03 6.10707e-05 5.24340e-05 7.09364e-05 6.50744e-05 5.06511e-05 8.22596e-05
1.88470e+03 5.29316e-05 4.73388e-05 6.17121e-05 5.50872e-05 4.39164e-05 7.30106e-05
1.62920e+03 2.12145e-04 1.86492e-04 2.45365e-04 2.27168e-04 1.82954e-04 3.02410e-04
1.82970e+03 7.09291e-05 6.28467e-05 8.19884e-05 7.64566e-05 5.90806e-05 9.64657e-05
4.94520e+02 4.52241e-01 4.23116e-01 4.82468e-01 5.28426e-01 3.86087e-01 6.80264e-01
3.76780e+02 1.52001e+00 1.45386e+00 1.60929e+00 1.86947e+00 1.33869e+00 2.44190e+00
1.10060e+03 4.78876e-03 4.32169e-03 5.48526e-03 5.32811e-03 4.28440e-03 6.97164e-03
1.64440e+03 1.99270e-04 1.77408e-04 2.25206e-04 2.10753e-04 1.70199e-04 2.84992e-04
2.51740e+03 1.74298e-06 1.49523e-06 2.13445e-06 1.82526e-06 1.46690e-06 2.36309e-06
1.35860e+03 1.03468e-03 8.88384e-04 1.13656e-03 1.06395e-03 8.65352e-04 1.40128e-03
3.05180e+03 1.17344e-07 9.90736e-08 1.36486e-07 1.22128e-07 9.61282e-08 1.55847e-07
4.59100e+02 6.29068e-01 5.98808e-01 6.84193e-01 7.42227e-01 5.50826e-01 9.90136e-01
1.94430e+03 3.87133e-05 3.23407e-05 4.40857e-05 4.11703e-05 3.16557e-05 5.11792e-05
1.04410e+03 7.08215e-03 6.27309e-03 8.00223e-03 7.67323e-03 6.03541e-03 9.97422e-03
2.86870e+03 2.83557e-07 2.46038e-07 3.44895e-07 2.99612e-07 2.41989e-07 3.92575e-07
2.87390e+03 2.81366e-07 2.39680e-07 3.32718e-07 2.88521e-07 2.30193e-07 3.82139e-07
1.63600e+03 2.04986e-04 1.86199e-04 2.45645e-04 2.29764e-04 1.73219e-04 2.84365e-04
1.45840e+03 5.60053e-04 5.10310e-04 6.67234e-04 6.04016e-04 4.71103e-04 7.90659e-04
1.66700e+03 1.77115e-04 1.54687e-04 2.00190e-04 1.84319e-04 1.48961e-04 2.46574e-04
1.01180e+03 8.64893e-03 7.84297e-03 9.82463e-03 9.55783e-03 7.50053e-03 1.22801e-02
2.56040e+02 7.34258e+00 7.27405e+00 7.61341e+00 9.54666e+00 6.30980e+00 1.26445e+01
2.55820e+03 1.49110e-06 1.24311e-06 1.70536e-06 1.50074e-06 1.17112e-06 1.97469e-06
2.96210e+03 1.77536e-07 1.49386e-07 2.12451e-07 1.89854e-07 1.47422e-07 2.41632e-07
3.09340e+03 9.37319e-08 7.73235e-08 1.11800e-07 9.85385e-08 7.83262e-08 1.30265e-07
1.06400e+03 5.94034e-03 5.57002e-03 6.92560e-03 6.78842e-03 5.24238e-03 8.73564e-03
7.84030e+02 4.10695e-02 3.82687e-02 4.52896e-02 4.78281e-02 3.60112e-02 5.88381e-02
2.95870e+03 1.80102e-07 1.54601e-07 2.12818e-07 1.92314e-07 1.50993e-07 2.48427e-07
2.90860e+03 2.36807e-07 1.96607e-07 2.84532e-07 2.50336e-07 1.97959e-07 3.22569e-07
1.29850e+03 1.41563e-03 1.29564e-03 1.64209e-03 1.59713e-03 1.23822e-03 2.00282e-03
1.03460e+03 7.41075e-03 6.83108e-03 8.21715e-03 8.25174e-03 6.39457e-03 1.07369e-02
1.31530e+03 1.31218e-03 1.20535e-03 1.46337e-03 1.40515e-03 1.18881e-03 1.84689e-03
9.16370e+02 1.60314e-02 1.44640e-02 1.80226e-02 1.82042e-02 1.37524e-02 2.26535e-02
3.39290e+03 2.28686e-08 1.99128e-08 2.78577e-08 2.49397e-08 1.96840e-08 3.21834e-08
5.59500e+02 2.51157e-01 2.32770e-01 2.68418e-01 2.87089e-01 2.18765e-01 3.68767e-01
2.84250e+03 3.33850e-07 2.73209e-07 3.87408e-07 3.49503e-07 2.67463e-07 4.49185e-07
2.63210e+03 9.58967e-07 8.38020e-07 1.15774e-06 1.00719e-06 7.71510e-07 1.32242e-06
2.52930e+03 1.64533e-06 1.44557e-06 2.02994e-06 1.74188e-06 1.38326e-06 2.17826e-06
1.01110e+03 8.46194e-03 7.92105e-03 9.74090e-03 9.59268e-03 7.76671e-03 1.18579e-02
2.88870e+03 2.51823e-07 2.21056e-07 3.14869e-07 2.69931e-07 2.10128e-07 3.50295e-07
1.33480e+03 1.16734e-03 1.05289e-03 1.33897e-03 1.24583e-03 9.88348e-04 1.64326e-03
5.33840e+02 3.17749e-01 2.96092e-01 3.36514e-01 3.65161e-01 2.62087e-01 4.76977e-01
2.52010e+03 1.74406e-06 1.49386e-06 2.03888e-06 1.85323e-06 1.38483e-06 2.42749e-06
8.73350e+02 2.16989e-02 2.00392e-02 2.42218e-02 2.46253e-02 1.90667e-02 3.07727e-02
2.37350e+03 3.83395e-06 3.18161e-06 4.44600e-06 3.99532e-06 3.05855e-06 5.17586e-06
1.29520e+03 1.48629e-03 1.28737e-03 1.67624e-03 1.62901e-03 1.23449e-03 2.11454e-03
2.60960e+03 1.11500e-06 9.53560e-07 1.28360e-06 1.13473e-06 8.65607e-07 1.47741e-06
2.82040e+03 3.67215e-07 3.15301e-07 4.42239e-07 3.81798e-07 3.03162e-07 5.03700e-07
3.26970e+02 2.76741e+00 2.67268e+00 2.86184e+00 3.38919e+00 2.44074e+00 4.50951e+00
4.04400e+02 1.12269e+00 1.06554e+00 1.17750e+00 1.33385e+00 9.46806e-01 1.75266e+00
3.47900e+03 1.58345e-08 1.32995e-08 1.86469e-08 1.72784e-08 1.33619e-08 2.23463e-08
1.34060e+03 1.16215e-03 1.02839e-03 1.31148e-03 1.25498e-03 9.90085e-04 1.59955e-03
2.28340e+03 6.14666e-06 5.26646e-06 7.17832e-06 6.39875e-06 5.06982e-06 8.39023e-06
1.75410e+03 1.08801e-04 9.57456e-05 1.25810e-04 1.14254e-04 8.91843e-05 1.47151e-04
6.09900e+02 1.60624e-01 1.48334e-01 1.74961e-01 1.83518e-01 1.42944e-01 2.38492e-01
2.11730e+03 1.46994e-05 1.30861e-05 1.70378e-05 1.58886e-05 1.17344e-05 2.06752e-05
2.90640e+03 2.35376e-07 1.99002e-07 2.79900e-07 2.48796e-07 1.92598e-07 3.18526e-07
2.33810e+03 4.74493e-06 4.01160e-06 5.36172e-06 4.91199e-06 3.68429e-06 6.26031e-06
3.47060e+03 1.61654e-08 1.36489e-08 2.01915e-08 1.77823e-08 1.41285e-08 2.29993e-08
3.38330e+03 2.44737e-08 2.06516e-08 2.96554e-08 2.70187e-08 2.12105e-08 3.31059e-08
5.64190e+02 2.38231e-01 2.23398e-01 2.52821e-01 2.69968e-01 2.14347e-01 3.49280e-01
2.20320e+03 9.48656e-06 8.05033e-06 1.11391e-05 9.89264e-06 7.67744e-06 1.26780e-05
1.66310e+03 1.77602e-04 1.60406e-04 2.06246e-04 1.89145e-04 1.47675e-04 2.48139e-04
3.09280e+03 9.28483e-08 7.88309e-08 1.13062e-07 1.01066e-07 7.78320e-08 1.27096e-07
2.34100e+03 4.55705e-06 3.85322e-06 5.26248e-06 4.63793e-06 3.65647e-06 6.22389e-06
1.74370e+03 1.12351e-04 1.01453e-04 1.31496e-04 1.22111e-04 9.51483e-05 1.61380e-04
3.02860e+03 1.28636e-07 1.07784e-07 1.53023e-07 1.36010e-07 1.03139e-07 1.73309e-07
9.76320e+02 1.08203e-02 9.99366e-03 1.20490e-02 1.21879e-02 9.31103e-03 1.54650e-02
1.53050e+03 3.88857e-04 3.38878e-04 4.37885e-04 4.01420e-04 3.24938e-04 5.29644e-04
1.52650e+03 3.83913e-04 3.36399e-04 4.39102e-04 4.14229e-04 3.19555e-04 5.28376e-04
1.56380e+03 3.15608e-04 2.77219e-04 3.64265e-04 3.48915e-04 2.65174e-04 4.45405e-04
1.72400e+03 1.21618e-04 1.14562e-04 1.45934e-04 1.36201e-04 1.05264e-04 1.78622e-04
3.34920e+03 2.78594e-08 2.38643e-08 3.30864e-08 3.03981e-08 2.36815e-08 3.94500e-08
1.52700e+03 3.93763e-04 3.36414e-04 4.40763e-04 4.10372e-04 3.19742e-04 5.25451e-04
2.08100e+03 1.84488e-05 1.56210e-05 2.15259e-05 1.95210e-05 1.47852e-05 2.51031e-05
3.43520e+03 1.91110e-08 1.63924e-08 2.33097e-08 2.10154e-08 1.62780e-08 2.61488e-08
3.36350e+03 2.64153e-08 2.23054e-08 3.18806e-08 2.85714e-08 2.31343e-08 3.62532e-08
2.51490e+03 1.77602e-06 1.54259e-06 2.08895e-06 1.82558e-06 1.49147e-06 2.44501e-06
2.92050e+03 2.18523e-07 1.81903e-07 2.62012e-07 2.27041e-07 1.83846e-07 2.98345e-07
2.18940e+03 1.00266e-05 8.56369e-06 1.18725e-05 1.10221e-05 8.55361e-06 1.41432e-05
8.79310e+02 2.11320e-02 1.93904e-02 2.28027e-02 2.40205e-02 1.76601e-02 3.04830e-02
4.84390e+02 4.93391e-01 4.70559e-01 5.28876e-01 5.86501e-01 4.23771e-01 7.72156e-01
1.09040e+03 5.31431e-03 4.72307e-03 5.95320e-03 5.61206e-03 4.48224e-03 7.48267e-03
1.22720e+03 2.21501e-03 2.01816e-03 2.53548e-03 2.50745e-03 1.87597e-03 3.19154e-03
6.88350e+02 8.49044e-02 7.76091e-02 9.46017e-02 9.70938e-02 7.66424e-02 1.24614e-01
3.08940e+03 9.54193e-08 8.12182e-08 1.12485e-07 1.00354e-07 7.82550e-08 1.30599e-07
2.85000e+03 3.17510e-07 2.63594e-07 3.75273e-07 3.27638e-07 2.49933e-07 4.30851e-07
1.71650e+03 1.33958e-04 1.16934e-04 1.51948e-04 1.39211e-04 1.11645e-04 1.82209e-04
1.76980e+03 1.00168e-04 8.51899e-05 1.15545e-04 1.03510e-04 8.25340e-05 1.40164e-04
1.24030e+03 2.11852e-03 1.83644e-03 2.31915e-03 2.26049e-03 1.71709e-03 2.91353e-03
3.46690e+03 1.63531e-08 1.41886e-08 2.04552e-08 1.84063e-08 1.45664e-08 2.31295e-08
2.01600e+03 2.58873e-05 2.22245e-05 3.05371e-05 2.81907e-05 2.09054e-05 3.60669e-05
7.61500e+02 4.77599e-02 4.41994e-02 5.39031e-02 5.29091e-02 4.26812e-02 7.08430e-02
3.54610e+02 1.99457e+00 1.88476e+00 2.05536e+00 2.43842e+00 1.74907e+00 3.11843e+00
1.57010e+03 3.09037e-04 2.72782e-04 3.53493e-04 3.26596e-04 2.50913e-04 4.17533e-04
1.44490e+03 6.08437e-04 5.34898e-04 7.08590e-04 6.64543e-04 5.23588e-04 8.58118e-04
2.59770e+03 1.17696e-06 9.75639e-07 1.43887e-06 1.20270e-06 9.60716e-07 1.57407e-06
5.99190e+02 1.76807e-01 1.64148e-01 1.91917e-01 2.00768e-01 1.53970e-01 2.61719e-01
1.28640e+03 1.56198e-03 1.35163e-03 1.76232e-03 1.68945e-03 1.30392e-03 2.20814e-03
6.65680e+02 1.02083e-01 9.29365e-02 1.11385e-01 1.13724e-01 8.85595e-02 1.46963e-01
3.30320e+03 3.47757e-08 2.94877e-08 4.07555e-08 3.75726e-08 2.88989e-08 5.01330e-08
6.68930e+02 1.00395e-01 9.24874e-02 1.07801e-01 1.14589e-01 8.75745e-02 1.41422e-01
1.09950e+03 4.91178e-03 4.28694e-03 5.50596e-03 5.64452e-03 4.27381e-03 6.76737e-03
5.11590e+02 3.81358e-01 3.57581e-01 4.13105e-01 4.47632e-01 3.42113e-01 5.88586e-01
2.53840e+03 1.56406e-06 1.31634e-06 1.90682e-06 1.63005e-06 1.33556e-06 2.16499e-06
2.41410e+03 3.11498e-06 2.62018e-06 3.63483e-06 3.18531e-06 2.44425e-06 4.13780e-06
1.78110e+03 9.17636e-05 8.17423e-05 1.05219e-04 9.85631e-05 7.64802e-05 1.25394e-04
2.05900e+03 2.04821e-05 1.74586e-05 2.37972e-05 2.10314e-05 1.65079e-05 2.79064e-05
1.03760e+03 7.28770e-03 6.53149e-03 8.32536e-03 8.04521e-03 6.48231e-03 1.05862e-02
1.20010e+03 2.58472e-03 2.33687e-03 3.01481e-03 2.95635e-03 2.32638e-03 3.73040e-03
1.37140e+03 9.69253e-04 8.53304e-04 1.08719e-03 1.02007e-03 8.13902e-04 1.35611e-03
2.39190e+03 3.46721e-06 2.97830e-06 4.15467e-06 3.73193e-06 2.79727e-06 4.68987e-06
1.19710e+03 2.74353e-03 2.42043e-03 3.15490e-03 2.85680e-03 2.27114e-03 3.77016e-03
1.54030e+03 3.57958e-04 3.19003e-04 4.20332e-04 3.83555e-04 3.00364e-04 4.75324e-04
2.38520e+03 3.60157e-06 3.04262e-06 4.18645e-06 3.72845e-06 2.82655e-06 4.78036e-06
1.22810e+03 2.26855e-03 2.00697e-03 2.52217e-03 2.43135e-03 1.87733e-03 3.05000e-03
2.55370e+03 1.45476e-06 1.25114e-06 1.75800e-06 1.52294e-06 1.16695e-06 1.97976e-06
1.49080e+03 4.69807e-04 4.33965e-04 5.36446e-04 5.06548e-04 3.94145e-04 6.37146e-04
3.11850e+03 8.11882e-08 7.02200e-08 9.87642e-08 8.76601e-08 7.12249e-08 1.15330e-07
5.94320e+02 1.83118e-01 1.70587e-01 1.98920e-01 2.08253e-01 1.64330e-01 2.72582e-01
1.41170e+03 7.43404e-04 6.70262e-04 8.69432e-04 8.16205e-04 6.30405e-04 1.02777e-03
1.86490e+02 2.46869e+01 2.44337e+01 2.43811e+01 3.25817e+01 2.13110e+01 4.41704e+01
2.61240e+03 1.11842e-06 9.26577e-07 1.26613e-06 1.11714e-06 8.81996e-07 1.48113e-06
2.07160e+03 1.90289e-05 1.66040e-05 2.19338e-05 1.99524e-05 1.57183e-05 2.66060e-05
1.80900e+03 7.84724e-05 7.04813e-05 9.20804e-05 8.72759e-05 6.32449e-05 1.07684e-04
2.04230e+03 2.22913e-05 1.94379e-05 2.58489e-05 2.33621e-05 1.90970e-05 3.02059e-05
2.85990e+03 3.00142e-07 2.52937e-07 3.55558e-07 3.04572e-07 2.41018e-07 4.06840e-07
1.18410e+03 2.86329e-03 2.57670e-03 3.35214e-03 3.22508e-03 2.42673e-03 3.98205e-03
1.67730e+03 1.64201e-04 1.42821e-04 1.91332e-04 1.78313e-04 1.42958e-04 2.25876e-04
1.30790e+03 1.32662e-03 1.21179e-03 1.55931e-03 1.49137e-03 1.17248e-03 1.94835e-03
8.56710e+02 2.45694e-02 2.21962e-02 2.67259e-02 2.71764e-02 2.20475e-02 3.42050e-02
7.52880e+02 5.19811e-02 4.79858e-02 5.74186e-02 5.72476e-02 4.47236e-02 7.49523e-02
2.58710e+03 1.23797e-06 1.04903e-06 1.47145e-06 1.28447e-06 1.01949e-06 1.68596e-06
1.67920e+03 1.66428e-04 1.42946e-04 1.90184e-04 1.75171e-04 1.41456e-04 2.23181e-04
2.21000e+03 9.00866e-06 7.96790e-06 1.09650e-05 9.84830e-06 7.15486e-06 1.22009e-05
2.59700e+03 1.15288e-06 9.70086e-07 1.37289e-06 1.17974e-06 9.64797e-07 1.59681e-06
2.91270e+03 2.28235e-07 1.90847e-07 2.75354e-07 2.42819e-07 1.89312e-07 3.13384e-07
3.41260e+03 2.16567e-08 1.76271e-08 2.51241e-08 2.24720e-08 1.83465e-08 3.03507e-08
2.02290e+03 2.46610e-05 2.18739e-05 2.90384e-05 2.64145e-05 2.01471e-05 3.42810e-05
1.13750e+03 3.78864e-03 3.41412e-03 4.26965e-03 4.20800e-03 3.22874e-03 5.41208e-03
1.44810e+03 6.26844e-04 5.36979e-04 7.02858e-04 6.64596e-04 5.08015e-04 8.67452e-04
1.12530e+03 4.18143e-03 3.76230e-03 4.48102e-03 4.63449e-03 3.55980e-03 5.79647e-03
2.11740e+03 1.49062e-05 1.27139e-05 1.74252e-05 1.55766e-05 1.22642e-05 2.05021e-05
3.17780e+03 6.16180e-08 5.19889e-08 7.53235e-08 6.71901e-08 5.31601e-08 8.61970e-08
1.68090e+03 1.68981e-04 1.41781e-04 1.82089e-04 1.69905e-04 1.33332e-04 2.31181e-04
3.07510e+03 1.00449e-07 8.55011e-08 1.23988e-07 1.10263e-07 8.59732e-08 1.38806e-07
1.96870e+03 3.29572e-05 2.94891e-05 3.88490e-05 3.51912e-05 2.73897e-05 4.49752e-05
3.16110e+02 3.15535e+00 3.06024e+00 3.32957e+00 3.92454e+00 2.83797e+00 5.33514e+00
5.50160e+02 2.69486e-01 2.47738e-01 2.91392e-01 3.11157e-01 2.31905e-01 3.98561e-01
2.27600e+03 6.32694e-06 5.51235e-06 7.55058e-06 6.75689e-06 5.27120e-06 8.72050e-06
1.31830e+03 1.30798e-03 1.15271e-03 1.47509e-03 1.41071e-03 1.07250e-03 1.82593e-03
2.24010e+03 7.82973e-06 6.57419e-06 9.29866e-06 8.30199e-06 6.25177e-06 1.05930e-05
2.99570e+02 4.00584e+00 3.81730e+00 4.09056e+00 4.90096e+00 3.48178e+00 6.49973e+00
2.66970e+03 8.09306e-07 6.94590e-07 9.48090e-07 8.49817e-07 6.52812e-07 1.07743e-06
1.95800e+03 3.57674e-05 3.08103e-05 4.25041e-05 3.79313e-05 2.83977e-05 4.77133e-05
1.45460e+03 5.79663e-04 5.14659e-04 6.55106e-04 6.13612e-04 4.86607e-04 8.34980e-04
1.60170e+03 2.48513e-04 2.25985e-04 2.96994e-04 2.74749e-04 2.13838e-04 3.49825e-04
2.24040e+03 7.72775e-06 6.71532e-06 9.19053e-06 7.87566e-06 6.37902e-06 1.08724e-05
1.75010e+03 1.12240e-04 9.74773e-05 1.30453e-04 1.23858e-04 9.27826e-05 1.50792e-04
4.07410e+02 1.10321e+00 1.03874e+00 1.15069e+00 1.29378e+00 9.71586e-01 1.75008e+00
3.41880e+02 2.31528e+00 2.19971e+00 2.42360e+00 2.80506e+00 2.00711e+00 3.67986e+00
1.47330e+03 5.20972e-04 4.68460e-04 5.74231e-04 5.70633e-04 4.46455e-04 7.36281e-04
1.42520e+03 7.05584e-04 6.14103e-04 7.70367e-04 7.28434e-04 5.88317e-04 9.72436e-04
6.11680e+02 1.61899e-01 1.48612e-01 1.74563e-01 1.82172e-01 1.40282e-01 2.30783e-01
2.94700e+03 1.91202e-07 1.60212e-07 2.32488e-07 2.01636e-07 1.55618e-07 2.70002e-07
2.35180e+03 4.19384e-06 3.66698e-06 4.91505e-06 4.58252e-06 3.41135e-06 5.80670e-06
2.97740e+03 1.61848e-07 1.39295e-07 1.95613e-07 1.73325e-07 1.37031e-07 2.23467e-07
1.50110e+03 4.51215e-04 4.00601e-04 4.94208e-04 4.75285e-04 3.82974e-04 6.15276e-04
8.03910e+02 3.67824e-02 3.21836e-02 3.79839e-02 4.12828e-02 3.10552e-02 5.31844e-02
1.17010e+03 3.16908e-03 2.83971e-03 3.63741e-03 3.62412e-03 2.67496e-03 4.35142e-03
1.15560e+03 3.35266e-03 3.12620e-03 3.89139e-03 3.89978e-03 2.99020e-03 4.99097e-03
1.46560e+03 5.52760e-04 4.84193e-04 6.32006e-04 5.91464e-04 4.58405e-04 7.79013e-04
5.30130e+02 3.23634e-01 3.05234e-01 3.48111e-01 3.79130e-01 2.87242e-01 4.96617e-01
3.09440e+03 9.27281e-08 8.03491e-08 1.12685e-07 1.00052e-07 7.59720e-08 1.28854e-07
3.38410e+03 2.39762e-08 1.99146e-08 2.85590e-08 2.63806e-08 2.04861e-08 3.31140e-08
3.06240e+03 1.10298e-07 9.26551e-08 1.29425e-07 1.17800e-07 8.92805e-08 1.45501e-07
2.92080e+03 2.15400e-07 1.87163e-07 2.63162e-07 2.33312e-07 1.83850e-07 3.03887e-07
1.19310e+03 2.71375e-03 2.40521e-03 3.03428e-03 3.00787e-03 2.38030e-03 3.84706e-03
3.32150e+03 3.14600e-08 2.71752e-08 3.86710e-08 3.42572e-08 2.65130e-08 4.58292e-08
1.56480e+03 3.14499e-04 2.78151e-04 3.62247e-04 3.34192e-04 2.54480e-04 4.25644e-04
2.28350e+03 6.26959e-06 5.32138e-06 7.18401e-06 6.27893e-06 5.10755e-06 8.42543e-06
1.58320e+03 2.85935e-04 2.50592e-04 3.22292e-04 3.07854e-04 2.24321e-04 3.81699e-04
2.03800e+03 2.26576e-05 1.96763e-05 2.74362e-05 2.34416e-05 1.96412e-05 3.13510e-05
7.82770e+02 4.33295e-02 3.86574e-02 4.52649e-02 4.38393e-02 3.79741e-02 6.06432e-02
1.79720e+03 8.52710e-05 7.58669e-05 9.97203e-05 9.21300e-05 6.69527e-05 1.19891e-04
3.28500e+03 3.81561e-08 3.23401e-08 4.61284e-08 4.06402e-08 3.22157e-08 5.31274e-08
2.17670e+03 1.07580e-05 9.53533e-06 1.29519e-05 1.17301e-05 8.89901e-06 1.53107e-05
3.31420e+03 3.36450e-08 2.76513e-08 3.97697e-08 3.54020e-08 2.82602e-08 4.60031e-08
1.86820e+03 5.92588e-05 4.88383e-05 6.65660e-05 6.17941e-05 4.67185e-05 7.96431e-05
3.34290e+03 2.87903e-08 2.47191e-08 3.47454e-08 3.23780e-08 2.51372e-08 3.96902e-08
2.33190e+03 4.67621e-06 4.13183e-06 5.66383e-06 4.96954e-06 3.94190e-06 6.40331e-06
3.34180e+03 2.85834e-08 2.46964e-08 3.55103e-08 3.08758e-08 2.45771e-08 3.92598e-08
1.29000e+03 1.50549e-03 1.38537e-03 1.68698e-03 1.62313e-03 1.29303e-03 2.15387e-03
4.38540e+02 7.81741e-01 7.36304e-01 8.33919e-01 9.35954e-01 7.02001e-01 1.22638e+00
3.56480e+02 1.93224e+00 1.85865e+00 2.02160e+00 2.31796e+00 1.68816e+00 3.15345e+00
2.29840e+03 5.65649e-06 4.93403e-06 6.66080e-06 5.89677e-06 4.57929e-06 7.69782e-06
3.36430e+03 2.67170e-08 2.25241e-08 3.13448e-08 2.85559e-08 2.28109e-08 3.68866e-08
3.44060e+03 1.86665e-08 1.57800e-08 2.20614e-08 2.03376e-08 1.65074e-08 2.68025e-08
2.85690e+03 3.06310e-07 2.54710e-07 3.79907e-07 3.22286e-07 2.51960e-07 4.30570e-07
1.89340e+03 4.98589e-05 4.41635e-05 5.95007e-05 5.33265e-05 4.20396e-05 6.91221e-05
1.89730e+03 4.92868e-05 4.20836e-05 5.65422e-05 5.33352e-05 4.00764e-05 6.79636e-05
5.75720e+02 2.13440e-01 1.99867e-01 2.31425e-01 2.48077e-01 1.92916e-01 3.24092e-01
2.37150e+03 3.87653e-06 3.28238e-06 4.52584e-06 4.02540e-06 3.17686e-06 5.36686e-06
1.94060e+03 3.96879e-05 3.39955e-05 4.41670e-05 4.13122e-05 3.23341e-05 5.43511e-05
3.01870e+03 1.35076e-07 1.13994e-07 1.61362e-07 1.42061e-07 1.13635e-07 1.86782e-07
2.86980e+03 2.86783e-07 2.42025e-07 3.43639e-07 3.02775e-07 2.29109e-07 3.84193e-07
2.18910e+03 1.01274e-05 8.77080e-06 1.18512e-05 1.07498e-05 8.24190e-06 1.34844e-05
2.08110e+03 1.85606e-05 1.60799e-05 2.14729e-05 1.88817e-05 1.47750e-05 2.49524e-05
2.71430e+03 6.43837e-07 5.35963e-07 7.52655e-07 6.60121e-07 5.17627e-07 8.74248e-07
3.02560e+02 3.85292e+00 3.64374e+00 3.95762e+00 4.80424e+00 3.27832e+00 6.25821e+00
2.13790e+03 1.30411e-05 1.14260e-05 1.60001e-05 1.39471e-05 1.09318e-05 1.85554e-05
2.74720e+03 5.41118e-07 4.41884e-07 6.35888e-07 5.54538e-07 4.31966e-07 7.17344e-07
2.68990e+02 6.09254e+00 5.94652e+00 6.21109e+00 7.55480e+00 5.26371e+00 1.02729e+01
1.45600e+03 5.82703e-04 5.13110e-04 6.65241e-04 6.22235e-04 4.97684e-04 7.80709e-04
1.80990e+03 7.73351e-05 6.90623e-05 9.12378e-05 8.65053e-05 6.59536e-05 1.08818e-04
1.86810e+03 5.85359e-05 5.05027e-05 6.72425e-05 6.05441e-05 4.64501e-05 7.96726e-05
8.04370e+02 3.56013e-02 3.22824e-02 3.91573e-02 4.00381e-02 3.13165e-02 5.15048e-02
2.73880e+03 5.55974e-07 4.76827e-07 6.67309e-07 5.88343e-07 4.46895e-07 7.46583e-07
2.26250e+03 6.81346e-06 5.77820e-06 8.25923e-06 7.14492e-06 5.52323e-06 9.40729e-06
2.18020e+03 1.07312e-05 9.33667e-06 1.25408e-05 1.12649e-05 8.91140e-06 1.43738e-05
2.82070e+03 3.70067e-07 2.95053e-07 4.30011e-07 3.88951e-07 2.97533e-07 4.95271e-07
1.11910e+03 4.22499e-03 3.89741e-03 4.81001e-03 4.72232e-03 3.77515e-03 6.14147e-03
2.78950e+02 5.26824e+00 5.15142e+00 5.49037e+00 6.72582e+00 4.62257e+00 8.71523e+00
1.36190e+03 1.00083e-03 8.70054e-04 1.15423e-03 1.09993e-03 8.21072e-04 1.40443e-03
2.91600e+03 2.26407e-07 1.85078e-07 2.67570e-07 2.36872e-07 1.85383e-07 3.05855e-07
1.65160e+03 1.92982e-04 1.65376e-04 2.21807e-04 2.05423e-04 1.60694e-04 2.67515e-04
3.01840e+03 1.35004e-07 1.10708e-07 1.58098e-07 1.41221e-07 1.11296e-07 1.81540e-07
2.65070e+03 8.88588e-07 7.66759e-07 1.04527e-06 9.34902e-07 7.03404e-07 1.17021e-06
1.88890e+03 5.15066e-05 4.45890e-05 6.11001e-05 5.49483e-05 4.25158e-05 7.17508e-05
2.51350e+03 1.83812e-06 1.55273e-06 2.07344e-06 1.85424e-06 1.51592e-06 2.54901e-06
2.35080e+03 4.18187e-06 3.79421e-06 5.15076e-06 4.52285e-06 3.47580e-06 5.71060e-06
1.89200e+03 5.17315e-05 4.31495e-05 5.87078e-05 5.26592e-05 4.24996e-05 6.88906e-05
8.17150e+02 3.19269e-02 2.79430e-02 3.56754e-02 3.68009e-02 2.89544e-02 4.63670e-02
7.06420e+02 7.32922e-02 6.87177e-02 8.02273e-02 8.19199e-02 6.36017e-02 1.07238e-01
1.29430e+03 1.45089e-03 1.31817e-03 1.71823e-03 1.55898e-03 1.29103e-03 2.04821e-03
3.86290e+02 1.36762e+00 1.31759e+00 1.46142e+00 1.68032e+00 1.16204e+00 2.15486e+00
1.53250e+03 3.73491e-04 3.28824e-04 4.27943e-04 4.10147e-04 3.05068e-04 5.09652e-04
2.25710e+03 7.01454e-06 6.22124e-06 8.38529e-06 7.51422e-06 5.60850e-06 9.73567e-06
3.41190e+03 2.05793e-08 1.81638e-08 2.54272e-08 2.32341e-08 1.82960e-08 2.88893e-08
8.38790e+02 2.77413e-02 2.52218e-02 3.07664e-02 3.24145e-02 2.41556e-02 3.88379e-02
6.52790e+02 1.15113e-01 1.03664e-01 1.22037e-01 1.26774e-01 9.82828e-02 1.64876e-01
1.98450e+03 3.06150e-05 2.72526e-05 3.68781e-05 3.20473e-05 2.47895e-05 4.13713e-05
2.45100e+03 2.54446e-06 2.10538e-06 2.97126e-06 2.66554e-06 2.05840e-06 3.43376e-06
2.28350e+03 6.11965e-06 5.25772e-06 7.31105e-06 6.46540e-06 5.01779e-06 8.19582e-06
1.97650e+03 3.16367e-05 2.76707e-05 3.70407e-05 3.36633e-05 2.67792e-05 4.36157e-05
3.11930e+03 8.30441e-08 6.93671e-08 9.98872e-08 8.79199e-08 6.91383e-08 1.12102e-07
2.27430e+02 1.17425e+01 1.13591e+01 1.20605e+01 1.52548e+01 9.65630e+00 2.04179e+01
4.30500e+02 8.50635e-01 8.09674e-01 9.05943e-01 1.01029e+00 7.29967e-01 1.31733e+00
2.87380e+02 4.71181e+00 4.59431e+00 4.91633e+00 5.79350e+00 4.01058e+00 7.80533e+00
3.34190e+03 2.92403e-08 2.46231e-08 3.44754e-08 3.12469e-08 2.48557e-08 3.98132e-08
1.74030e+03 1.17704e-04 1.02501e-04 1.36297e-04 1.28427e-04 9.56920e-05 1.62699e-04
3.03320e+03 1.27216e-07 1.05726e-07 1.46891e-07 1.36236e-07 1.04765e-07 1.70459e-07
2.13740e+03 1.32555e-05 1.17765e-05 1.55757e-05 1.41303e-05 1.11340e-05 1.87288e-05
3.36530e+03 2.60986e-08 2.23471e-08 3.16537e-08 2.81953e-08 2.29059e-08 3.64883e-08
1.11820e+03 4.30115e-03 4.03391e-03 4.95704e-03 4.92058e-03 3.76044e-03 6.02810e-03
3.11150e+03 8.56262e-08 7.23439e-08 1.07289e-07 8.96098e-08 7.14637e-08 1.16411e-07
5.49920e+02 2.69836e-01 2.51091e-01 2.89374e-01 3.11071e-01 2.35206e-01 4.01612e-01
9.63240e+02 1.18672e-02 1.07603e-02 1.31187e-02 1.33389e-02 1.01971e-02 1.63255e-02
3.46510e+03 1.73912e-08 1.40738e-08 2.04248e-08 1.83237e-08 1.47133e-08 2.36543e-08
3.24040e+03 4.66942e-08 3.99515e-08 5.54771e-08 4.95235e-08 3.94827e-08 6.53065e-08
1.65610e+03 1.86373e-04 1.60426e-04 2.18003e-04 1.97292e-04 1.54163e-04 2.55377e-04
1.15150e+03 3.62440e-03 3.12034e-03 3.96883e-03 3.86990e-03 3.07833e-03 4.99170e-03
2.32580e+02 1.06833e+01 1.05475e+01 1.10340e+01 1.39848e+01 9.60424e+00 1.83587e+01
1.38840e+03 8.39223e-04 7.61937e-04 9.91773e-04 9.18277e-04 7.30388e-04 1.14748e-03
1.23190e+03 2.21759e-03 1.93067e-03 2.50720e-03 2.27980e-03 1.83781e-03 3.00479e-03
3.04890e+03 1.17053e-07 9.83700e-08 1.38843e-07 1.24488e-07 9.62919e-08 1.63448e-07
1.29860e+03 1.43391e-03 1.29799e-03 1.64338e-03 1.58689e-03 1.20120e-03 2.04461e-03
2.71750e+03 6.10217e-07 5.24624e-07 7.55908e-07 6.55481e-07 5.07510e-07 8.62463e-07
1.29380e+03 1.45529e-03 1.34039e-03 1.62596e-03 1.60938e-03 1.26846e-03 2.08294e-03
1.11080e+03 4.58039e-03 4.04019e-03 5.07029e-03 4.98716e-03 3.98707e-03 6.54385e-03
2.52380e+03 1.71200e-06 1.43853e-06 2.06730e-06 1.75546e-06 1.36991e-06 2.29045e-06
9.08470e+02 1.71988e-02 1.46384e-02 1.89510e-02 1.88331e-02 1.51366e-02 2.38444e-02
1.28380e+03 1.59457e-03 1.37739e-03 1.79357e-03 1.74426e-03 1.31926e-03 2.20603e-03
1.56920e+03 2.95948e-04 2.75760e-04 3.46596e-04 3.25012e-04 2.58610e-04 4.11813e-04
1.33720e+03 1.21302e-03 1.02982e-03 1.28875e-03 1.26463e-03 9.84879e-04 1.60220e-03
1.71600e+02 3.32560e+01 3.27932e+01 3.33930e+01 4.36146e+01 2.89116e+01 6.04749e+01
8.92400e+02 1.89183e-02 1.77161e-02 2.13163e-02 2.15576e-02 1.63229e-02 2.70832e-02
2.74520e+03 5.44240e-07 4.63350e-07 6.47013e-07 5.65229e-07 4.42498e-07 7.37587e-07
3.54230e+02 1.98427e+00 1.89254e+00 2.12076e+00 2.40632e+00 1.78212e+00 3.19274e+00
1.45330e+03 5.88483e-04 5.26996e-04 6.90025e-04 6.31447e-04 4.89819e-04 8.17539e-04
1.38900e+03 8.50014e-04 7.72586e-04 9.84922e-04 9.33095e-04 7.35046e-04 1.19125e-03
1.89770e+03 4.99990e-05 4.19497e-05 5.65499e-05 5.23314e-05 4.09779e-05 6.74786e-05
2.42960e+03 2.77351e-06 2.35765e-06 3.29175e-06 2.91679e-06 2.21234e-06 3.91245e-06
2.45330e+03 2.45705e-06 2.09842e-06 2.96823e-06 2.62170e-06 2.02836e-06 3.31205e-06
3.00870e+02 3.91483e+00 3.74470e+00 4.09257e+00 5.00347e+00 3.47052e+00 6.37737e+00
2.89880e+03 2.46171e-07 2.05257e-07 2.98631e-07 2.56839e-07 2.01441e-07 3.40235e-07
6.01890e+02 1.70064e-01 1.58334e-01 1.86872e-01 1.98398e-01 1.49910e-01 2.54326e-01
3.43170e+03 1.95176e-08 1.60133e-08 2.33865e-08 2.13386e-08 1.71483e-08 2.68575e-08
3.03000e+03 1.31680e-07 1.06973e-07 1.58012e-07 1.34427e-07 1.07835e-07 1.71900e-07
9.88480e+02 9.82231e-03 8.84482e-03 1.12866e-02 1.10275e-02 8.92818e-03 1.41899e-02
3.42580e+03 1.96539e-08 1.71790e-08 2.39850e-08 2.15639e-08 1.72908e-08 2.77158e-08
1.83400e+03 6.86293e-05 5.98741e-05 8.23257e-05 7.43697e-05 5.75760e-05 9.77821e-05
1.53800e+03 3.57673e-04 3.15959e-04 4.21522e-04 3.91749e-04 2.99266e-04 4.97350e-04
1.44970e+02 6.06026e+01 6.06772e+01 5.99774e+01 8.50827e+01 5.12225e+01 1.16858e+02
2.88980e+03 2.60414e-07 2.17995e-07 3.03849e-07 2.67882e-07 2.11217e-07 3.59011e-07
9.93010e+02 9.65147e-03 8.73575e-03 1.10427e-02 1.04807e-02 8.36865e-03 1.32281e-02
9.60600e+02 1.20731e-02 1.10372e-02 1.34295e-02 1.32373e-02 1.04637e-02 1.65213e-02
3.23630e+03 4.80426e-08 4.05483e-08 5.63839e-08 4.98062e-08 4.01605e-08 6.51145e-08
2.83400e+03 3.35594e-07 2.92302e-07 4.01477e-07 3.54305e-07 2.80899e-07 4.71606e-07
1.25980e+03 1.81688e-03 1.62373e-03 2.04847e-03 2.03493e-03 1.59618e-03 2.60842e-03
1.15070e+03 3.64717e-03 3.12735e-03 4.09851e-03 3.83095e-03 3.15223e-03 4.95179e-03
1.15850e+03 3.31752e-03 2.99140e-03 3.69790e-03 3.74276e-03 2.87635e-03 4.86680e-03
7.82710e+02 4.03629e-02 3.78885e-02 4.60737e-02 4.63218e-02 3.56417e-02 6.03818e-02
2.31940e+03 5.15436e-06 4.49693e-06 5.76294e-06 5.41040e-06 4.02276e-06 6.77178e-06
7.36090e+02 5.89838e-02 5.47909e-02 6.55275e-02 6.62869e-02 5.06930e-02 8.51656e-02
3.29110e+03 3.68475e-08 3.02387e-08 4.39800e-08 3.94657e-08 3.17341e-08 5.06469e-08
2.32440e+03 4.96217e-06 4.12246e-06 5.86799e-06 5.07141e-06 3.99249e-06 6.78233e-06
1.01890e+03 7.98766e-03 7.56178e-03 9.50260e-03 9.26834e-03 6.97460e-03 1.14501e-02
2.00150e+03 2.78981e-05 2.39798e-05 3.24891e-05 2.97360e-05 2.31711e-05 3.82808e-05
9.67660e+02 1.12256e-02 1.01578e-02 1.31253e-02 1.23937e-02 9.89095e-03 1.58398e-02
1.01940e+03 8.39078e-03 7.40915e-03 9.18052e-03 9.03698e-03 6.99721e-03 1.14629e-02
2.63980e+03 9.45625e-07 7.92319e-07 1.10897e-06 9.66670e-07 7.62907e-07 1.27686e-06
2.28870e+03 6.06211e-06 5.16990e-06 6.94892e-06 6.04644e-06 4.86856e-06 8.18144e-06
1.78690e+03 9.00814e-05 7.91785e-05 1.05983e-04 9.63096e-05 7.56110e-05 1.27308e-04
3.42300e+02 2.30409e+00 2.18805e+00 2.43168e+00 2.84087e+00 2.02567e+00 3.75328e+00
8.47900e+02 2.59295e-02 2.43700e-02 2.94500e-02 2.90483e-02 2.28507e-02 3.89369e-02
3.00790e+03 1.40825e-07 1.20834e-07 1.67747e-07 1.53896e-07 1.19713e-07 1.98855e-07
2.66740e+03 8.28544e-07 7.00859e-07 9.61248e-07 8.23838e-07 6.55181e-07 1.10064e-06
6.31460e+02 1.33910e-01 1.24273e-01 1.44547e-01 1.53917e-01 1.17298e-01 1.97469e-01
1.56410e+03 3.14265e-04 2.82330e-04 3.62096e-04 3.41141e-04 2.67055e-04 4.35349e-04
9.07110e+02 1.75877e-02 1.58573e-02 1.91234e-02 1.94253e-02 1.47052e-02 2.40442e-02
2.99580e+03 1.50794e-07 1.26453e-07 1.83861e-07 1.61058e-07 1.21788e-07 2.09401e-07
4.55390e+02 6.70214e-01 6.33890e-01 7.04276e-01 7.96141e-01 5.99033e-01 1.03930e+00
2.65360e+03 8.61887e-07 7.45929e-07 1.04332e-06 9.18255e-07 7.11867e-07 1.19973e-06
3.01870e+03 1.33729e-07 1.15544e-07 1.60705e-07 1.43106e-07 1.12811e-07 1.84380e-07
1.07970e+03 5.38339e-03 4.93304e-03 6.43835e-03 6.12943e-03 4.61518e-03 8.06391e-03
2.36400e+03 3.90034e-06 3.35240e-06 4.83278e-06 4.21035e-06 3.22681e-06 5.41432e-06
1.64210e+03 2.03137e-04 1.71755e-04 2.28340e-04 2.21288e-04 1.66177e-04 2.76691e-04
8.35710e+02 2.77817e-02 2.54512e-02 3.09212e-02 3.18320e-02 2.53357e-02 4.04535e-02
1.65560e+03 1.87616e-04 1.65731e-04 2.15287e-04 1.97276e-04 1.54030e-04 2.55294e-04
2.63200e+03 9.87249e-07 8.36455e-07 1.16831e-06 1.04397e-06 8.05909e-07 1.31972e-06
3.13330e+03 7.62744e-08 6.52146e-08 9.24284e-08 8.22020e-08 6.49022e-08 1.08133e-07
7.22800e+02 6.45120e-02 5.91762e-02 7.03218e-02 7.23323e-02 5.73948e-02 9.56315e-02
3.18740e+03 5.80132e-08 4.94639e-08 7.04486e-08 6.56176e-08 4.89220e-08 8.23439e-08
2.20050e+03 9.28761e-06 8.30431e-06 1.12377e-05 9.79967e-06 7.63182e-06 1.32146e-05
2.51610e+03 1.81056e-06 1.53075e-06 2.08692e-06 1.84316e-06 1.45984e-06 2.48922e-06
2.02990e+03 2.39785e-05 2.11160e-05 2.80760e-05 2.48388e-05 1.95048e-05 3.24799e-05
1.32470e+03 1.26386e-03 1.10535e-03 1.43941e-03 1.38824e-03 1.03204e-03 1.74288e-03
1.07360e+03 5.72090e-03 5.12900e-03 6.50883e-03 6.34440e-03 4.96151e-03 8.12564e-03
2.53260e+03 1.67612e-06 1.42426e-06 1.92958e-06 1.69035e-06 1.36363e-06 2.23383e-06
1.87730e+03 5.54559e-05 4.87694e-05 6.27875e-05 5.86895e-05 4.47073e-05 7.67165e-05
1.90250e+03 4.81950e-05 4.13631e-05 5.50918e-05 4.97184e-05 3.83579e-05 6.52448e-05
2.89520e+03 2.48287e-07 2.11045e-07 2.97705e-07 2.64275e-07 2.03149e-07 3.47079e-07
5.62680e+02 2.41345e-01 2.26181e-01 2.63449e-01 2.77486e-01 2.12250e-01 3.56381e-01
7.08510e+02 7.25521e-02 6.46835e-02 7.99207e-02 8.30002e-02 6.42087e-02 1.04580e-01
2.01210e+03 2.67818e-05 2.33404e-05 3.06628e-05 2.76736e-05 2.15070e-05 3.64728e-05
1.09520e+03 4.99872e-03 4.61121e-03 5.64308e-03 5.41387e-03 4.10659e-03 7.05823e-03
2.40400e+03 3.26886e-06 2.77998e-06 3.87452e-06 3.29553e-06 2.66811e-06 4.51818e-06
2.70790e+03 6.36380e-07 5.68679e-07 7.62997e-07 6.85910e-07 5.29849e-07 8.85154e-07
3.41470e+03 2.08050e-08 1.82257e-08 2.50337e-08 2.26802e-08 1.76926e-08 2.88822e-08
1.52680e+03 4.03301e-04 3.44757e-04 4.50539e-04 4.02041e-04 3.24175e-04 5.23613e-04
1.33940e+03 1.16069e-03 1.04750e-03 1.31485e-03 1.23073e-03 9.83702e-04 1.59673e-03
1.81870e+03 7.60042e-05 6.59713e-05 8.90403e-05 8.01163e-05 6.35456e-05 1.02829e-04
3.08040e+03 1.00363e-07 8.53662e-08 1.20271e-07 1.06183e-07 8.31779e-08 1.36368e-07
2.38800e+02 9.66040e+00 9.51396e+00 9.99079e+00 1.21752e+01 8.56919e+00 1.68111e+01
1.94220e+03 3.94100e-05 3.44455e-05 4.47012e-05 4.06725e-05 3.21387e-05 5.27584e-05
3.36510e+03 2.55148e-08 2.20812e-08 3.19452e-08 2.79660e-08 2.25684e-08 3.70501e-08
2.44740e+03 2.50886e-06 2.16922e-06 3.15062e-06 2.70859e-06 2.10117e-06 3.47474e-06
1.18380e+03 2.90756e-03 2.61182e-03 3.34038e-03 3.08896e-03 2.41657e-03 4.19311e-03
5.88710e+02 1.93904e-01 1.78541e-01 2.08731e-01 2.20117e-01 1.68533e-01 2.87752e-01
1.42650e+03 6.79895e-04 6.36358e-04 7.79406e-04 7.34525e-04 5.69724e-04 9.50597e-04
8.42330e+02 2.64387e-02 2.42924e-02 2.94438e-02 3.15656e-02 2.40841e-02 3.92540e-02
1.63120e+03 2.14099e-04 1.87814e-04 2.48086e-04 2.28060e-04 1.80128e-04 2.99515e-04
1.54470e+03 3.44909e-04 2.98368e-04 3.97937e-04 3.81947e-04 2.89723e-04 4.91068e-04
2.89820e+03 2.48942e-07 2.11899e-07 2.90806e-07 2.59869e-07 2.09115e-07 3.33487e-07
2.02330e+03 2.52304e-05 2.11077e-05 2.88348e-05 2.61352e-05 2.02534e-05 3.36813e-05
6.46300e+02 1.19576e-01 1.11442e-01 1.29334e-01 1.34193e-01 1.03410e-01 1.73811e-01
2.92150e+03 2.19709e-07 1.88735e-07 2.63658e-07 2.33656e-07 1.82836e-07 2.96149e-07
1.46920e+03 5.58358e-04 4.70844e-04 6.11223e-04 5.72271e-04 4.84380e-04 7.45247e-04
3.21280e+03 5.14356e-08 4.45558e-08 6.27178e-08 5.85212e-08 4.50558e-08 7.22549e-08
1.12020e+03 4.38339e-03 3.70975e-03 4.78627e-03 4.70235e-03 3.76129e-03 6.19598e-03
3.23430e+03 4.75113e-08 4.10731e-08 5.85762e-08 5.16526e-08 4.16494e-08 6.73993e-08
1.93770e+03 3.89298e-05 3.42496e-05 4.59398e-05 4.23151e-05 3.30307e-05 5.52010e-05
1.72180e+03 1.28720e-04 1.14009e-04 1.50661e-04 1.39441e-04 1.07688e-04 1.77165e-04
2.78320e+03 4.46426e-07 3.73746e-07 5.17833e-07 4.61331e-07 3.69751e-07 6.03159e-07
1.39800e+03 8.15507e-04 7.19117e-04 9.06223e-04 8.79999e-04 7.04686e-04 1.12298e-03
2.92000e+03 2.21911e-07 1.88845e-07 2.68127e-07 2.31542e-07 1.80214e-07 3.02162e-07
2.19150e+03 1.01571e-05 8.58527e-06 1.17921e-05 1.04572e-05 8.31270e-06 1.37527e-05
1.70390e+03 1.42144e-04 1.25809e-04 1.66413e-04 1.50494e-04 1.14902e-04 1.93852e-04
2.77600e+02 5.44295e+00 5.26769e+00 5.57009e+00 7.01744e+00 4.53793e+00 9.16382e+00
5.31290e+02 3.18183e-01 2.97137e-01 3.42637e-01 3.74504e-01 2.84197e-01 4.77209e-01
1.83980e+03 6.81763e-05 6.01755e-05 8.02442e-05 7.23219e-05 5.44435e-05 9.29374e-05
4.19260e+02 9.55716e-01 9.08066e-01 1.02539e+00 1.14542e+00 8.49551e-01 1.48697e+00
2.96450e+03 1.72648e-07 1.47561e-07 2.10099e-07 1.84920e-07 1.45393e-07 2.40109e-07
1.32670e+03 1.23594e-03 1.09665e-03 1.39138e-03 1.33461e-03 1.07975e-03 1.68521e-03
2.77320e+03 4.75802e-07 3.97172e-07 5.58046e-07 4.93528e-07 3.77802e-07 6.33818e-07
8.30530e+02 2.94304e-02 2.72277e-02 3.28078e-02 3.15968e-02 2.57354e-02 4.27537e-02
2.23160e+03 8.07054e-06 6.87451e-06 9.52379e-06 8.25136e-06 6.62883e-06 1.11674e-05
5.38970e+02 2.97002e-01 2.80595e-01 3.21016e-01 3.47058e-01 2.62629e-01 4.47994e-01
3.48730e+03 1.55128e-08 1.28137e-08 1.85290e-08 1.70699e-08 1.31913e-08 2.15209e-08
1.25830e+03 1.80256e-03 1.69475e-03 2.08403e-03 1.99238e-03 1.57871e-03 2.57039e-03
1.97740e+03 3.24483e-05 2.83084e-05 3.64797e-05 3.39752e-05 2.56376e-05 4.33535e-05
3.51470e+02 2.03852e+00 1.97207e+00 2.17698e+00 2.47462e+00 1.82084e+00 3.26628e+00
8.49780e+02 2.64032e-02 2.33625e-02 2.82237e-02 2.87008e-02 2.22988e-02 3.62317e-02
1.49070e+03 4.73548e-04 4.23429e-04 5.37609e-04 5.12116e-04 3.88189e-04 6.72706e-04
2.44490e+03 2.55698e-06 2.19533e-06 3.07984e-06 2.75242e-06 2.09897e-06 3.50884e-06
2.95730e+03 1.84805e-07 1.57234e-07 2.17681e-07 1.90077e-07 1.53884e-07 2.50299e-07
2.03410e+03 2.36631e-05 2.02582e-05 2.76535e-05 2.45271e-05 1.85984e-05 3.18956e-05
2.05820e+03 2.03364e-05 1.80929e-05 2.44097e-05 2.22564e-05 1.62339e-05 2.78743e-05
9.91730e+02 9.73765e-03 9.14351e-03 1.07861e-02 1.09089e-02 8.27725e-03 1.38713e-02
3.40980e+03 2.15764e-08 1.84230e-08 2.56508e-08 2.35977e-08 1.86805e-08 3.00608e-08
1.00480e+03 9.31512e-03 7.98828e-03 1.01274e-02 1.03511e-02 8.00049e-03 1.27212e-02
1.88020e+03 5.22461e-05 4.77712e-05 6.42053e-05 5.72065e-05 4.33423e-05 7.48448e-05
2.48260e+03 2.12593e-06 1.79687e-06 2.50842e-06 2.23928e-06 1.75751e-06 3.01991e-06
2.76640e+02 5.51525e+00 5.32748e+00 5.69654e+00 6.78657e+00 4.70182e+00 9.25331e+00
2.63020e+03 9.97502e-07 8.33371e-07 1.17107e-06 1.01110e-06 7.97384e-07 1.35881e-06
2.04480e+03 2.25872e-05 1.94179e-05 2.59001e-05 2.37979e-05 1.79530e-05 3.01552e-05
1.62710e+03 2.18727e-04 1.95893e-04 2.48995e-04 2.33182e-04 1.74077e-04 2.96228e-04
2.41700e+03 3.00769e-06 2.56140e-06 3.52906e-06 3.16207e-06 2.46470e-06 4.04197e-06
3.29870e+03 3.57291e-08 3.00202e-08 4.19055e-08 3.74870e-08 2.96800e-08 5.00431e-08
2.66400e+03 8.16756e-07 7.05269e-07 9.77730e-07 8.75731e-07 6.88554e-07 1.14549e-06
1.27810e+03 1.64902e-03 1.49177e-03 1.86137e-03 1.72486e-03 1.38799e-03 2.29174e-03
1.30790e+03 1.36717e-03 1.22121e-03 1.56250e-03 1.46675e-03 1.19180e-03 1.95403e-03
2.97650e+03 1.63094e-07 1.41571e-07 2.01907e-07 1.75498e-07 1.38453e-07 2.25973e-07
3.35380e+03 2.76798e-08 2.36237e-08 3.22837e-08 2.91031e-08 2.42359e-08 3.83448e-08
6.18310e+02 1.51693e-01 1.41038e-01 1.64234e-01 1.72273e-01 1.30933e-01 2.19194e-01
3.15850e+02 3.21306e+00 3.09557e+00 3.38710e+00 4.11395e+00 2.79477e+00 5.22408e+00
1.25320e+03 1.95536e-03 1.69533e-03 2.18159e-03 2.02797e-03 1.64076e-03 2.69147e-03
2.24260e+03 7.72197e-06 6.53910e-06 9.31759e-06 8.04792e-06 6.22197e-06 1.03604e-05
3.03790e+03 1.27855e-07 1.02929e-07 1.45795e-07 1.29820e-07 1.02977e-07 1.68540e-07
3.77470e+02 1.51585e+00 1.43886e+00 1.60099e+00 1.85909e+00 1.34181e+00 2.40885e+00
1.56250e+03 3.17298e-04 2.76596e-04 3.53473e-04 3.35498e-04 2.67419e-04 4.43111e-04
1.01200e+03 8.64547e-03 7.55453e-03 9.42183e-03 9.24914e-03 7.41553e-03 1.21394e-02
2.71520e+03 6.39090e-07 5.30955e-07 7.54206e-07 6.72182e-07 5.07700e-07 8.57873e-07
2.05080e+03 2.18589e-05 1.86649e-05 2.49120e-05 2.26233e-05 1.74292e-05 2.90784e-05
3.93580e+02 1.27144e+00 1.18518e+00 1.33135e+00 1.53712e+00 1.13190e+00 1.99006e+00
2.34650e+03 4.29435e-06 3.71280e-06 5.24141e-06 4.72500e-06 3.48459e-06 5.94490e-06
1.72210e+03 1.27873e-04 1.11648e-04 1.49865e-04 1.34152e-04 1.01647e-04 1.79382e-04
1.80870e+03 7.94454e-05 6.90953e-05 9.27600e-05 8.58276e-05 6.71820e-05 1.11751e-04
2.40880e+03 3.25892e-06 2.69540e-06 3.74489e-06 3.23981e-06 2.58832e-06 4.33221e-06
2.73330e+03 5.69850e-07 4.91160e-07 6.94654e-07 5.99231e-07 4.65044e-07 7.72794e-07
2.21210e+03 8.89872e-06 7.80558e-06 1.07026e-05 9.41558e-06 7.24048e-06 1.19348e-05
2.48520e+03 2.12458e-06 1.80796e-06 2.43801e-06 2.18355e-06 1.71738e-06 2.74720e-06
5.60520e+02 2.46601e-01 2.28599e-01 2.67559e-01 2.82443e-01 2.14679e-01 3.74747e-01
2.26070e+02 1.19703e+01 1.17108e+01 1.20760e+01 1.58979e+01 1.00343e+01 2.12853e+01
1.09490e+03 5.06725e-03 4.52002e-03 5.78314e-03 5.53159e-03 4.23311e-03 6.98280e-03
1.19050e+03 2.72870e-03 2.44225e-03 3.14010e-03 3.08360e-03 2.36999e-03 3.93035e-03
3.02700e+03 1.29617e-07 1.09693e-07 1.55424e-07 1.36093e-07 1.08744e-07 1.76128e-07
1.64710e+03 1.99702e-04 1.68929e-04 2.24616e-04 2.12388e-04 1.60383e-04 2.61625e-04
3.66610e+02 1.72158e+00 1.65098e+00 1.81918e+00 2.11236e+00 1.50056e+00 2.72984e+00
1.86000e+03 5.92587e-05 5.11828e-05 7.32390e-05 6.47618e-05 4.96627e-05 8.26878e-05
7.06920e+02 7.29622e-02 6.70089e-02 7.90486e-02 8.47874e-02 6.60160e-02 1.07913e-01
3.43660e+03 1.90458e-08 1.59817e-08 2.29224e-08 2.08021e-08 1.66855e-08 2.61713e-08
2.87460e+03 2.84954e-07 2.30322e-07 3.37334e-07 2.94624e-07 2.29797e-07 3.87400e-07
9.63210e+02 1.24241e-02 1.08597e-02 1.29175e-02 1.31062e-02 1.00637e-02 1.70084e-02
7.15260e+02 6.74091e-02 6.28984e-02 7.57534e-02 7.99480e-02 6.12099e-02 1.01556e-01
1.55050e+03 3.34785e-04 2.99281e-04 3.83154e-04 3.57297e-04 2.89542e-04 4.64037e-04
2.73160e+03 5.76420e-07 4.91840e-07 7.06797e-07 6.33305e-07 4.82695e-07 7.84239e-07
9.35410e+02 1.45246e-02 1.29238e-02 1.52907e-02 1.56198e-02 1.24616e-02 2.00224e-02
8.15130e+02 3.33813e-02 3.08400e-02 3.64329e-02 3.81043e-02 2.79866e-02 4.75076e-02
2.32310e+03 4.99400e-06 4.21300e-06 5.81101e-06 5.16660e-06 4.08124e-06 6.77186e-06
3.26050e+03 4.28650e-08 3.56057e-08 5.05310e-08 4.52333e-08 3.66567e-08 5.93901e-08
1.07810e+03 5.62442e-03 5.01811e-03 6.30550e-03 6.06181e-03 4.75133e-03 7.96772e-03
3.39760e+03 2.23469e-08 1.89083e-08 2.79544e-08 2.42492e-08 1.96246e-08 3.09877e-08
2.39440e+02 9.74464e+00 9.39634e+00 9.85113e+00 1.22443e+01 8.33267e+00 1.63934e+01
2.28930e+03 5.88543e-06 5.16529e-06 7.11067e-06 6.08113e-06 4.84515e-06 8.00316e-06
6.06460e+02 1.63217e-01 1.52544e-01 1.80383e-01 1.93362e-01 1.43456e-01 2.51125e-01
2.35160e+03 4.32277e-06 3.61642e-06 4.92626e-06 4.56722e-06 3.49702e-06 5.75315e-06
3.48440e+03 1.54444e-08 1.31880e-08 1.87547e-08 1.68727e-08 1.35441e-08 2.12712e-08
3.27480e+03 3.89294e-08 3.33532e-08 4.78162e-08 4.27587e-08 3.39226e-08 5.44329e-08
6.04930e+02 1.66293e-01 1.54886e-01 1.82521e-01 1.94326e-01 1.45980e-01 2.49530e-01
3.25120e+03 4.38083e-08 3.78099e-08 5.21215e-08 4.79465e-08 3.76901e-08 6.18479e-08
1.32710e+03 1.23234e-03 1.09184e-03 1.42816e-03 1.34906e-03 1.01463e-03 1.68059e-03
4.33580e+02 8.26602e-01 7.90236e-01 8.77853e-01 9.87537e-01 7.04865e-01 1.27267e+00
2.45230e+03 2.48464e-06 2.15413e-06 3.00844e-06 2.57783e-06 2.03166e-06 3.44960e-06
1.00980e+03 8.81081e-03 7.72772e-03 9.98322e-03 9.63963e-03 7.62834e-03 1.20917e-02
1.07630e+03 5.80163e-03 5.14230e-03 6.30883e-03 6.38301e-03 4.79030e-03 8.38909e-03
2.79300e+03 4.15958e-07 3.53020e-07 4.90224e-07 4.36429e-07 3.47999e-07 5.86294e-07
1.54540e+03 3.39909e-04 3.13388e-04 4.02692e-04 3.73631e-04 2.94522e-04 4.78198e-04
1.18710e+03 2.84540e-03 2.59099e-03 3.07018e-03 3.11656e-03 2.51412e-03 3.98957e-03
4.86350e+02 4.85619e-01 4.52957e-01 5.20518e-01 5.68786e-01 4.32833e-01 7.43609e-01
9.72430e+02 1.14127e-02 1.01632e-02 1.24560e-02 1.24646e-02 9.26347e-03 1.53359e-02
1.45760e+03 5.73945e-04 4.93690e-04 6.77073e-04 6.22047e-04 4.90684e-04 8.03995e-04
3.48100e+03 1.58658e-08 1.33049e-08 1.81279e-08 1.70595e-08 1.37004e-08 2.16558e-08
6.99610e+02 7.84759e-02 7.10923e-02 8.64681e-02 8.85482e-02 6.85114e-02 1.13356e-01
1.59400e+03 2.65956e-04 2.34860e-04 3.10606e-04 2.92670e-04 2.16093e-04 3.64804e-04
1.67530e+03 1.68850e-04 1.44810e-04 1.92757e-04 1.78878e-04 1.41286e-04 2.28084e-04
2.19740e+03 9.87990e-06 8.43021e-06 1.17080e-05 9.90647e-06 8.01708e-06 1.33591e-05
1.97220e+03 3.20467e-05 2.86840e-05 3.68583e-05 3.51300e-05 2.62776e-05 4.58498e-05
3.14290e+03 7.31619e-08 6.25176e-08 9.12330e-08 7.87224e-08 6.17477e-08 1.00436e-07
4.61470e+02 6.23481e-01 5.86201e-01 6.65372e-01 7.30263e-01 5.36520e-01 9.56713e-01
2.40310e+03 3.22120e-06 2.81784e-06 3.89569e-06 3.52909e-06 2.61237e-06 4.37606e-06
6.88400e+02 8.73605e-02 7.88118e-02 9.23697e-02 9.89709e-02 7.60885e-02 1.26155e-01
1.15230e+03 3.48026e-03 3.17619e-03 4.00570e-03 3.78230e-03 3.06890e-03 4.98124e-03
2.49330e+03 1.98010e-06 1.70058e-06 2.38069e-06 2.14773e-06 1.66162e-06 2.78903e-06
2.96460e+03 1.68871e-07 1.54220e-07 2.12755e-07 1.84944e-07 1.47473e-07 2.46538e-07
1.35080e+03 1.04902e-03 9.25451e-04 1.19680e-03 1.14609e-03 9.37090e-04 1.47121e-03
1.88260e+03 5.32491e-05 4.71015e-05 6.22276e-05 5.67521e-05 4.47843e-05 7.29821e-05
4.53880e+02 6.76696e-01 6.27526e-01 7.09536e-01 7.75340e-01 5.90399e-01 1.02094e+00
2.74730e+03 5.20510e-07 4.45919e-07 6.53363e-07 5.58873e-07 4.37533e-07 7.22391e-07
3.16480e+03 6.72973e-08 5.61829e-08 7.92296e-08 7.09117e-08 5.71341e-08 9.07856e-08
3.37250e+03 2.61440e-08 2.12888e-08 3.05577e-08 2.75139e-08 2.23382e-08 3.48666e-08
2.65860e+03 8.34955e-07 7.13893e-07 1.02366e-06 8.95701e-07 6.73662e-07 1.15586e-06
7.95450e+02 3.70815e-02 3.57837e-02 4.18188e-02 4.21410e-02 3.30017e-02 5.41372e-02
3.26190e+03 4.23657e-08 3.56213e-08 5.09755e-08 4.61994e-08 3.49583e-08 5.72646e-08
9.78470e+02 1.06620e-02 9.81313e-03 1.17164e-02 1.20242e-02 9.45693e-03 1.52146e-02
2.66580e+03 7.97510e-07 7.07956e-07 9.66243e-07 8.45139e-07 6.64661e-07 1.07782e-06
2.14510e+03 1.27636e-05 1.10973e-05 1.49841e-05 1.33637e-05 1.06897e-05 1.75687e-05
2.00160e+03 2.85424e-05 2.43687e-05 3.30457e-05 2.92235e-05 2.29527e-05 3.87886e-05
7.94000e+02 3.90474e-02 3.50344e-02 4.28668e-02 4.38162e-02 3.36388e-02 5.58794e-02
1.32930e+03 1.20328e-03 1.11240e-03 1.39484e-03 1.32100e-03 1.03586e-03 1.71006e-03
2.44180e+03 2.66649e-06 2.16675e-06 3.08364e-06 2.81559e-06 2.14901e-06 3.63761e-06
2.54800e+03 1.49262e-06 1.30529e-06 1.77386e-06 1.56133e-06 1.24893e-06 2.00663e-06
2.34690e+03 4.43498e-06 3.69232e-06 5.02270e-06 4.56474e-06 3.60930e-06 5.96812e-06
2.29210e+03 5.83686e-06 5.00829e-06 6.95645e-06 6.24849e-06 4.84690e-06 8.19675e-06
2.55760e+03 1.42110e-06 1.22876e-06 1.65422e-06 1.52016e-06 1.17239e-06 1.94283e-06
2.84190e+03 3.29593e-07 2.81804e-07 3.98050e-07 3.39155e-07 2.72945e-07 4.51755e-07
2.71960e+03 6.10444e-07 5.14019e-07 7.34799e-07 6.70034e-07 5.07397e-07 8.66036e-07
6.51660e+02 1.13756e-01 1.04308e-01 1.25675e-01 1.28098e-01 9.76467e-02 1.67036e-01
1.39410e+03 8.34288e-04 7.48872e-04 9.34159e-04 8.83548e-04 6.74703e-04 1.15180e-03
1.00530e+03 8.96137e-03 8.24022e-03 1.02618e-02 1.00637e-02 7.72618e-03 1.30252e-02
7.32690e+02 5.96974e-02 5.31404e-02 6.72159e-02 6.68573e-02 5.35240e-02 8.74660e-02
1.13350e+03 3.91057e-03 3.56721e-03 4.45295e-03 4.35727e-03 3.37672e-03 5.70210e-03
8.28370e+02 3.01385e-02 2.72610e-02 3.33975e-02 3.45754e-02 2.72312e-02 4.21118e-02
1.76230e+03 9.96973e-05 9.23954e-05 1.22834e-04 1.11643e-04 8.69395e-05 1.45093e-04
1.75230e+03 1.06905e-04 9.49091e-05 1.28634e-04 1.15852e-04 9.27919e-05 1.54021e-04
9.89250e+02 9.64197e-03 8.93614e-03 1.10406e-02 1.09199e-02 8.82952e-03 1.39463e-02
6.19510e+02 1.48340e-01 1.37408e-01 1.61094e-01 1.67308e-01 1.29964e-01 2.18380e-01
7.62250e+02 4.87157e-02 4.30156e-02 5.34672e-02 5.47994e-02 4.16259e-02 7.06366e-02
2.89910e+03 2.46635e-07 2.04959e-07 2.90831e-07 2.62628e-07 1.98770e-07 3.34780e-07
2.22150e+03 8.38163e-06 7.26382e-06 9.76637e-06 9.01522e-06 7.24236e-06 1.16668e-05
