masses      stau_mix      LO_data      NLO_data      NLO_err      Alpha_err
1.16400e+03 1.00000e+00 1.36197e-03 1.49730e-03 1.09200e-04 -1.36901e-05
2.03660e+02 1.00000e+00 6.75868e+00 8.13467e+00 2.42330e-01 2.05577e-01
1.21280e+03 1.00000e+00 9.99385e-04 1.11822e-03 8.31379e-05 4.24599e-06
3.18900e+03 1.00000e+00 2.68416e-08 2.94113e-08 1.77730e-08 -2.78507e-09
9.12700e+02 1.00000e+00 6.53633e-03 7.88520e-03 3.56595e-04 -5.12884e-05
2.63200e+03 1.00000e+00 4.25717e-07 4.95950e-07 2.04378e-07 -1.33849e-08
2.39080e+03 1.00000e+00 1.53437e-06 1.67376e-06 5.63135e-07 -5.56021e-08
5.13010e+02 1.00000e+00 1.49098e-01 1.75938e-01 5.73118e-03 1.67164e-03
2.66500e+03 1.00000e+00 3.60461e-07 3.92983e-07 1.73829e-07 -1.62635e-08
1.05280e+03 1.00000e+00 2.72951e-03 3.09805e-03 1.80102e-04 -1.50756e-05
2.17520e+03 1.00000e+00 4.61074e-06 5.42549e-06 1.35482e-06 1.83246e-08
2.22490e+03 1.00000e+00 3.71724e-06 4.05209e-06 1.05731e-06 -5.63129e-08
2.74570e+03 1.00000e+00 2.32250e-07 2.64277e-07 1.37280e-07 -1.48144e-08
2.32140e+03 1.00000e+00 2.24221e-06 2.43587e-06 7.20745e-07 -5.73319e-08
9.39400e+02 1.00000e+00 5.60963e-03 6.36853e-03 3.71717e-04 -9.68357e-05
2.41210e+03 1.00000e+00 1.35967e-06 1.47336e-06 5.27440e-07 -3.79496e-08
3.90390e+02 1.00000e+00 4.90252e-01 6.09677e-01 2.01529e-02 6.17024e-03
8.74530e+02 1.00000e+00 9.04637e-03 9.77102e-03 4.98442e-04 -3.54959e-04
1.36830e+03 1.00000e+00 4.00143e-04 4.49364e-04 3.96761e-05 -1.74805e-05
7.43720e+02 1.00000e+00 2.28310e-02 2.65781e-02 1.27111e-03 -5.58586e-04
1.12280e+03 1.00000e+00 1.64984e-03 1.94700e-03 1.30094e-04 -3.46553e-05
3.03920e+03 1.00000e+00 5.55035e-08 6.05215e-08 3.62930e-08 -5.30953e-09
2.22350e+03 1.00000e+00 3.77113e-06 4.15942e-06 1.12210e-06 -4.06195e-08
1.50120e+03 1.00000e+00 1.91323e-04 2.11121e-04 2.03660e-05 -9.67950e-06
1.70620e+03 1.00000e+00 5.99922e-05 6.54405e-05 9.74890e-06 -1.45908e-06
2.34170e+03 1.00000e+00 1.98031e-06 2.25597e-06 6.55833e-07 -8.01246e-09
2.23360e+03 1.00000e+00 3.57636e-06 3.74110e-06 1.02601e-06 8.83235e-09
5.41590e+02 1.00000e+00 1.15698e-01 1.34460e-01 5.32625e-03 -8.87289e-04
2.00630e+03 1.00000e+00 1.20639e-05 1.29693e-05 2.77972e-06 -5.33944e-07
6.61310e+02 1.00000e+00 4.18489e-02 4.84687e-02 2.46738e-03 8.80261e-04
1.35580e+03 1.00000e+00 4.24194e-04 4.68001e-04 4.24888e-05 -3.86659e-06
3.76810e+02 1.00000e+00 5.97408e-01 7.03562e-01 2.53090e-02 9.93280e-03
2.04380e+03 1.00000e+00 9.60377e-06 1.07772e-05 2.36937e-06 6.32972e-08
1.43220e+03 1.00000e+00 2.74530e-04 3.18551e-04 3.01200e-05 -5.01928e-06
2.96690e+03 1.00000e+00 8.03618e-08 8.90473e-08 5.29547e-08 -2.12945e-09
1.50250e+03 1.00000e+00 1.91541e-04 2.10013e-04 2.35264e-05 -5.29231e-06
1.80070e+03 1.00000e+00 3.60564e-05 3.91963e-05 6.22292e-06 1.16798e-07
1.69530e+03 1.00000e+00 6.40121e-05 7.06112e-05 9.88399e-06 -1.81448e-07
2.48700e+03 1.00000e+00 9.34621e-07 9.78972e-07 3.86504e-07 -2.49406e-08
4.72740e+02 1.00000e+00 2.15493e-01 2.59480e-01 9.58547e-03 2.22488e-03
2.07030e+03 1.00000e+00 8.31139e-06 9.37821e-06 2.09927e-06 -1.86944e-07
3.24110e+03 1.00000e+00 2.04965e-08 2.34901e-08 1.32620e-08 -2.70329e-09
1.05270e+03 1.00000e+00 2.63015e-03 3.00344e-03 2.04183e-04 6.53654e-05
2.47170e+03 1.00000e+00 1.02336e-06 1.12260e-06 3.86020e-07 -4.19823e-08
1.36180e+03 1.00000e+00 4.14003e-04 4.75971e-04 4.19531e-05 -4.27262e-06
1.73770e+03 1.00000e+00 5.05435e-05 5.82606e-05 8.15190e-06 -1.52523e-06
4.14080e+02 1.00000e+00 3.88301e-01 4.78874e-01 1.54999e-02 2.73221e-03
2.46660e+03 1.00000e+00 1.00809e-06 1.11867e-06 4.15135e-07 -2.74132e-08
2.78130e+03 1.00000e+00 1.96386e-07 2.22229e-07 1.15031e-07 -8.76791e-09
2.43810e+03 1.00000e+00 1.18736e-06 1.36458e-06 4.65046e-07 -4.76526e-08
9.87890e+02 1.00000e+00 4.06573e-03 4.56106e-03 2.84453e-04 -6.99740e-05
2.78950e+03 1.00000e+00 1.98530e-07 2.10936e-07 1.11731e-07 -5.77916e-09
1.24840e+03 1.00000e+00 7.72054e-04 8.98948e-04 7.42544e-05 -1.13535e-05
4.67120e+02 1.00000e+00 2.32873e-01 2.69600e-01 8.87890e-03 3.68365e-03
3.08470e+03 1.00000e+00 4.43516e-08 4.82065e-08 2.98613e-08 -4.52868e-09
1.24080e+03 1.00000e+00 8.70955e-04 9.45802e-04 8.42447e-05 -1.29629e-05
3.06030e+03 1.00000e+00 4.86519e-08 5.54383e-08 3.20525e-08 -5.01482e-09
1.15990e+03 1.00000e+00 1.35405e-03 1.53100e-03 1.10420e-04 -4.85025e-05
3.52470e+02 1.00000e+00 7.76732e-01 9.51662e-01 2.82209e-02 -2.94218e-02
2.16510e+03 1.00000e+00 5.17012e-06 5.47756e-06 1.39523e-06 -2.16150e-08
1.37150e+03 1.00000e+00 3.97846e-04 4.28224e-04 3.95187e-05 -1.92011e-05
1.65650e+03 1.00000e+00 8.26201e-05 8.78395e-05 1.23829e-05 -1.14816e-06
3.17770e+03 1.00000e+00 2.89983e-08 3.12339e-08 1.78188e-08 -3.10623e-09
3.02390e+03 1.00000e+00 5.65791e-08 6.47072e-08 3.87341e-08 -2.50930e-09
2.94000e+03 1.00000e+00 8.85929e-08 9.81829e-08 6.20068e-08 -4.43932e-09
1.21320e+03 1.00000e+00 9.84433e-04 1.12338e-03 8.27799e-05 -2.40254e-05
2.49680e+02 1.00000e+00 3.09747e+00 3.72393e+00 1.11027e-01 7.58285e-02
1.67130e+03 1.00000e+00 7.36786e-05 8.17420e-05 1.09549e-05 -1.83374e-06
9.37510e+02 1.00000e+00 5.65049e-03 6.50824e-03 4.28819e-04 8.92253e-05
3.14540e+03 1.00000e+00 3.19522e-08 3.60131e-08 2.09986e-08 -3.16729e-09
4.45020e+02 1.00000e+00 2.88609e-01 3.34476e-01 1.01955e-02 1.32916e-03
1.70350e+03 1.00000e+00 6.15528e-05 6.62666e-05 9.41065e-06 -1.18674e-06
2.33920e+03 1.00000e+00 2.01008e-06 2.24958e-06 6.67294e-07 3.06747e-08
9.94780e+02 1.00000e+00 3.91930e-03 4.41662e-03 3.07883e-04 -1.54276e-04
2.37320e+03 1.00000e+00 1.71274e-06 1.87034e-06 5.87942e-07 -6.70528e-08
1.62800e+03 1.00000e+00 9.10784e-05 1.00447e-04 1.38516e-05 -2.29116e-06
3.10450e+03 1.00000e+00 3.94076e-08 4.45665e-08 2.52492e-08 -2.67725e-09
3.49240e+03 1.00000e+00 6.62986e-09 7.22879e-09 4.80194e-09 -9.85294e-10
1.63790e+03 1.00000e+00 8.45781e-05 9.73434e-05 1.23586e-05 -1.78525e-09
3.16540e+02 1.00000e+00 1.24717e+00 1.47486e+00 4.71783e-02 -1.68384e-02
1.59610e+03 1.00000e+00 1.07165e-04 1.22150e-04 1.37081e-05 -1.31985e-06
9.50920e+02 1.00000e+00 5.08005e-03 5.75206e-03 3.36401e-04 -1.38593e-05
3.42220e+03 1.00000e+00 8.90691e-09 1.01326e-08 6.21687e-09 -1.04194e-09
3.21120e+03 1.00000e+00 2.37719e-08 2.70371e-08 1.53483e-08 -2.50860e-09
1.93410e+03 1.00000e+00 1.71601e-05 1.88817e-05 3.67421e-06 -2.19904e-07
2.29590e+03 1.00000e+00 2.53918e-06 2.85655e-06 7.96916e-07 -1.18910e-07
5.83700e+02 1.00000e+00 7.76235e-02 9.46017e-02 3.80987e-03 -3.00039e-04
2.00550e+03 1.00000e+00 1.18815e-05 1.32238e-05 2.58672e-06 -5.45545e-07
3.39060e+03 1.00000e+00 1.00766e-08 1.10398e-08 7.79611e-09 -1.18372e-09
6.34100e+02 1.00000e+00 5.23934e-02 6.22560e-02 2.67993e-03 7.93575e-04
3.41660e+03 1.00000e+00 9.29500e-09 1.00151e-08 6.27957e-09 -1.04323e-09
1.73290e+03 1.00000e+00 5.31577e-05 5.62936e-05 9.20644e-06 -1.65225e-06
6.34770e+02 1.00000e+00 5.13175e-02 6.20078e-02 2.61829e-03 -1.86607e-04
2.03680e+03 1.00000e+00 1.01606e-05 1.11143e-05 2.29447e-06 -1.67939e-07
6.56120e+02 1.00000e+00 4.27139e-02 5.00899e-02 2.55869e-03 -5.63654e-04
2.37010e+03 1.00000e+00 1.73198e-06 1.84945e-06 5.86098e-07 -1.47298e-08
6.56080e+02 1.00000e+00 4.21312e-02 5.31159e-02 2.12127e-03 1.31445e-03
2.29810e+03 1.00000e+00 2.48521e-06 2.89224e-06 7.97180e-07 -8.39198e-08
2.13400e+03 1.00000e+00 5.96466e-06 6.81353e-06 1.49324e-06 -1.58868e-08
2.39940e+03 1.00000e+00 1.47902e-06 1.61054e-06 5.52966e-07 -4.58497e-08
1.14890e+03 1.00000e+00 1.44701e-03 1.67345e-03 1.33183e-04 -5.02024e-05
3.23840e+03 1.00000e+00 2.04820e-08 2.36040e-08 1.32710e-08 -2.30381e-09
1.24250e+03 1.00000e+00 8.57921e-04 9.30856e-04 8.65912e-05 2.80910e-05
3.76150e+02 1.00000e+00 5.99841e-01 7.18072e-01 2.16482e-02 1.49992e-02
2.74660e+03 1.00000e+00 2.34018e-07 2.68632e-07 1.41717e-07 -2.82266e-09
2.42820e+03 1.00000e+00 1.23852e-06 1.42587e-06 4.83103e-07 -5.67783e-08
2.81480e+03 1.00000e+00 1.67322e-07 1.83307e-07 1.04375e-07 -9.65966e-09
6.44550e+02 1.00000e+00 4.66570e-02 5.45045e-02 2.25456e-03 -4.54805e-04
2.82750e+03 1.00000e+00 1.59537e-07 1.75852e-07 9.47619e-08 -1.23490e-08
1.16780e+03 1.00000e+00 1.31017e-03 1.52107e-03 1.14497e-04 -4.68222e-05
7.16480e+02 1.00000e+00 2.72011e-02 3.25683e-02 1.67028e-03 -1.79969e-04
2.39670e+03 1.00000e+00 1.48468e-06 1.64358e-06 5.28934e-07 -3.02551e-08
1.26130e+03 1.00000e+00 7.56361e-04 8.62188e-04 7.15737e-05 -2.16333e-05
2.41110e+03 1.00000e+00 1.36499e-06 1.52988e-06 5.17750e-07 -9.04096e-08
2.34390e+03 1.00000e+00 1.93328e-06 2.11179e-06 6.68689e-07 -9.52055e-08
3.27520e+03 1.00000e+00 1.75106e-08 1.90770e-08 1.10366e-08 -2.37500e-09
1.90170e+03 1.00000e+00 2.06226e-05 2.32834e-05 4.16955e-06 -2.77351e-07
2.24290e+03 1.00000e+00 3.42807e-06 3.73542e-06 9.72331e-07 -8.08687e-08
1.94580e+03 1.00000e+00 1.60282e-05 1.86783e-05 3.55062e-06 -4.59891e-08
1.06910e+03 1.00000e+00 2.50682e-03 2.89550e-03 1.91022e-04 -5.56926e-05
1.45520e+03 1.00000e+00 2.32546e-04 2.78905e-04 2.72021e-05 3.15766e-06
1.32380e+03 1.00000e+00 5.28835e-04 5.98451e-04 4.87568e-05 -8.44012e-06
2.14890e+02 1.00000e+00 5.54222e+00 6.84296e+00 1.96875e-01 1.36286e-01
1.70090e+03 1.00000e+00 5.97207e-05 6.92657e-05 1.02690e-05 -2.20302e-07
3.01060e+03 1.00000e+00 6.52166e-08 6.98415e-08 4.17506e-08 -2.45022e-09
2.35560e+03 1.00000e+00 1.87831e-06 2.05688e-06 6.31341e-07 -6.69421e-08
3.40260e+03 1.00000e+00 9.81302e-09 1.06804e-08 6.85619e-09 -1.11681e-09
2.58030e+03 1.00000e+00 5.54936e-07 6.14511e-07 2.50011e-07 -1.63266e-08
4.04700e+02 1.00000e+00 4.58938e-01 5.18890e-01 1.71877e-02 4.67599e-03
9.36370e+02 1.00000e+00 5.68467e-03 6.45554e-03 3.89967e-04 -2.71729e-05
6.09060e+02 1.00000e+00 6.23477e-02 7.35894e-02 2.80840e-03 1.60125e-03
2.09360e+03 1.00000e+00 7.62568e-06 7.86622e-06 1.81557e-06 1.05938e-07
2.97620e+03 1.00000e+00 7.26059e-08 8.34457e-08 5.04178e-08 -6.05906e-09
1.62060e+03 1.00000e+00 9.25013e-05 1.04523e-04 1.31407e-05 -1.38939e-06
1.18390e+03 1.00000e+00 1.13161e-03 1.33145e-03 9.92198e-05 9.76727e-06
1.79290e+03 1.00000e+00 3.69599e-05 4.10573e-05 6.74990e-06 -5.33046e-07
1.00810e+03 1.00000e+00 3.56733e-03 4.01098e-03 2.60332e-04 5.03711e-05
3.47720e+03 1.00000e+00 6.92720e-09 7.75316e-09 5.22595e-09 -8.29772e-10
2.54400e+03 1.00000e+00 7.07859e-07 7.38539e-07 2.85570e-07 -7.29505e-09
3.44640e+02 1.00000e+00 8.74584e-01 1.06296e+00 3.39132e-02 -7.75357e-03
3.11490e+03 1.00000e+00 3.79589e-08 4.08876e-08 2.43149e-08 -3.53645e-09
3.44190e+03 1.00000e+00 8.58210e-09 9.13044e-09 6.12212e-09 -1.01700e-09
2.73220e+03 1.00000e+00 2.51074e-07 2.84756e-07 1.46640e-07 -9.29548e-09
8.18670e+02 1.00000e+00 1.24896e-02 1.56374e-02 8.19472e-04 1.01421e-04
1.16870e+03 1.00000e+00 1.32217e-03 1.51857e-03 1.19875e-04 4.73942e-06
8.73380e+02 1.00000e+00 8.94179e-03 1.03010e-02 5.74440e-04 9.16151e-05
3.09140e+03 1.00000e+00 4.18966e-08 4.61030e-08 2.77613e-08 -3.85681e-09
2.01370e+03 1.00000e+00 1.13955e-05 1.22281e-05 2.68377e-06 -2.22647e-07
2.28920e+03 1.00000e+00 2.64211e-06 2.91791e-06 7.86777e-07 -5.86571e-08
1.16870e+03 1.00000e+00 1.31235e-03 1.48620e-03 1.01769e-04 -4.34936e-06
2.75910e+03 1.00000e+00 2.23036e-07 2.45932e-07 1.30784e-07 -1.13764e-08
9.81940e+02 1.00000e+00 4.28065e-03 4.90519e-03 3.02877e-04 -2.05340e-04
1.70250e+03 1.00000e+00 6.01662e-05 6.69133e-05 8.99170e-06 -2.68611e-06
3.21620e+03 1.00000e+00 2.35106e-08 2.60797e-08 1.56519e-08 -2.29663e-09
1.30070e+03 1.00000e+00 6.12169e-04 6.54400e-04 5.66102e-05 1.18085e-05
2.64710e+03 1.00000e+00 4.00727e-07 4.43227e-07 1.85967e-07 -1.39127e-08
3.67570e+02 1.00000e+00 6.69612e-01 8.00745e-01 2.24768e-02 -4.60980e-03
9.85350e+02 1.00000e+00 4.19420e-03 4.81393e-03 2.86689e-04 4.84054e-05
2.32440e+02 1.00000e+00 4.07149e+00 5.05075e+00 1.47057e-01 5.58833e-02
1.55930e+03 1.00000e+00 1.34264e-04 1.51137e-04 1.61650e-05 1.72295e-06
1.12500e+03 1.00000e+00 1.76698e-03 1.94773e-03 1.33628e-04 -1.02959e-05
8.83720e+02 1.00000e+00 7.99325e-03 9.18093e-03 4.94707e-04 -4.16280e-05
1.89050e+03 1.00000e+00 2.20558e-05 2.45347e-05 4.25513e-06 -5.82947e-07
2.88180e+02 1.00000e+00 1.84340e+00 2.17797e+00 5.96036e-02 -8.53152e-03
2.76820e+02 1.00000e+00 2.09698e+00 2.56854e+00 7.14733e-02 2.32702e-02
1.86330e+03 1.00000e+00 2.51580e-05 2.83081e-05 4.80854e-06 -8.52812e-07
3.02310e+03 1.00000e+00 5.89321e-08 6.58196e-08 3.63763e-08 -5.02114e-09
3.47820e+03 1.00000e+00 7.04348e-09 7.65199e-09 5.26670e-09 -9.10639e-10
2.61420e+03 1.00000e+00 4.70634e-07 5.19633e-07 2.20646e-07 -1.26137e-08
2.31930e+02 1.00000e+00 4.33335e+00 5.06588e+00 1.40131e-01 -1.47246e-01
9.74580e+02 1.00000e+00 4.48097e-03 5.18449e-03 3.53438e-04 -1.45384e-05
2.38030e+03 1.00000e+00 1.59294e-06 1.76189e-06 5.71162e-07 -2.39205e-08
3.23220e+03 1.00000e+00 2.18665e-08 2.39414e-08 1.42046e-08 -2.00586e-09
7.86480e+02 1.00000e+00 1.68597e-02 1.91799e-02 9.21894e-04 3.63186e-04
3.16870e+03 1.00000e+00 2.90112e-08 3.14212e-08 1.94351e-08 -2.84194e-09
1.01880e+03 1.00000e+00 3.31940e-03 3.66379e-03 2.43457e-04 2.16171e-05
2.15540e+03 1.00000e+00 5.37782e-06 5.92519e-06 1.45117e-06 2.92744e-08
1.03950e+03 1.00000e+00 2.97609e-03 3.34541e-03 2.04006e-04 -7.71984e-05
2.17640e+03 1.00000e+00 4.90664e-06 5.30646e-06 1.28149e-06 -7.19970e-08
2.97410e+03 1.00000e+00 7.68543e-08 8.28727e-08 4.83648e-08 -5.19176e-09
8.13260e+02 1.00000e+00 1.30318e-02 1.52013e-02 7.91137e-04 -7.33645e-04
1.02760e+03 1.00000e+00 3.25605e-03 3.53472e-03 2.37980e-04 -1.26858e-04
2.36500e+03 1.00000e+00 1.74587e-06 1.95571e-06 5.63582e-07 -8.01020e-08
2.04040e+03 1.00000e+00 9.81290e-06 1.11049e-05 2.30863e-06 -2.76274e-07
2.66020e+03 1.00000e+00 3.74019e-07 4.03250e-07 1.87991e-07 -2.17097e-08
2.30510e+03 1.00000e+00 2.44468e-06 2.61925e-06 7.35308e-07 -3.33852e-08
9.39760e+02 1.00000e+00 5.61712e-03 6.51243e-03 3.90000e-04 -5.22584e-05
1.68250e+03 1.00000e+00 6.90539e-05 7.80780e-05 1.04276e-05 7.87875e-07
2.48550e+03 1.00000e+00 9.08903e-07 1.03734e-06 3.80162e-07 5.73863e-10
1.80730e+03 1.00000e+00 3.45247e-05 4.03315e-05 5.89057e-06 -5.72666e-07
2.00230e+03 1.00000e+00 1.23217e-05 1.36254e-05 2.76476e-06 -2.25526e-07
1.78270e+03 1.00000e+00 3.93343e-05 4.32516e-05 6.71440e-06 1.18579e-06
5.64760e+02 1.00000e+00 9.17602e-02 1.13500e-01 4.49664e-03 -1.42211e-03
8.01670e+02 1.00000e+00 1.40024e-02 1.71384e-02 9.18642e-04 -5.11088e-04
4.86830e+02 1.00000e+00 1.91376e-01 2.24361e-01 7.81797e-03 1.31028e-04
1.35700e+03 1.00000e+00 4.11776e-04 4.71626e-04 4.20994e-05 -4.70607e-06
1.85140e+03 1.00000e+00 2.70558e-05 3.02200e-05 4.98259e-06 1.16873e-07
2.53660e+02 1.00000e+00 2.96463e+00 3.50044e+00 1.03379e-01 2.79022e-02
2.69720e+03 1.00000e+00 3.10868e-07 3.35535e-07 1.63239e-07 -1.08664e-08
8.79870e+02 1.00000e+00 8.52561e-03 9.78267e-03 5.86981e-04 -2.67474e-04
1.70810e+03 1.00000e+00 5.80821e-05 6.60585e-05 9.56944e-06 -3.24558e-07
3.49330e+03 1.00000e+00 6.50364e-09 7.14072e-09 4.99318e-09 -9.25888e-10
1.43600e+03 1.00000e+00 2.71865e-04 3.01911e-04 2.78720e-05 -1.08467e-05
3.25580e+03 1.00000e+00 1.91480e-08 2.14421e-08 1.29735e-08 -1.78612e-09
1.90980e+03 1.00000e+00 1.94956e-05 2.21628e-05 4.00867e-06 -4.09402e-07
6.25270e+02 1.00000e+00 5.45441e-02 6.59475e-02 2.93917e-03 4.43031e-04
1.50510e+03 1.00000e+00 1.78856e-04 2.03996e-04 2.01982e-05 -8.29444e-07
8.94250e+02 1.00000e+00 7.63818e-03 8.79708e-03 4.62138e-04 2.19517e-04
3.49770e+03 1.00000e+00 6.68608e-09 7.01390e-09 4.79155e-09 -7.87892e-10
2.42750e+03 1.00000e+00 1.22183e-06 1.37887e-06 4.70717e-07 -1.63895e-08
1.16280e+03 1.00000e+00 1.34588e-03 1.55661e-03 1.12155e-04 4.02870e-06
2.22240e+03 1.00000e+00 3.60610e-06 3.92397e-06 1.07420e-06 -1.26846e-07
1.61460e+03 1.00000e+00 1.01389e-04 1.11919e-04 1.40569e-05 -2.29393e-06
2.91640e+03 1.00000e+00 1.01106e-07 1.09791e-07 6.75585e-08 -8.31022e-09
2.41810e+03 1.00000e+00 1.35011e-06 1.45833e-06 5.02823e-07 -2.58005e-08
2.44310e+03 1.00000e+00 1.17938e-06 1.29072e-06 4.57949e-07 -7.28938e-08
3.18480e+03 1.00000e+00 2.71714e-08 2.89751e-08 1.71870e-08 -1.97210e-09
3.35420e+03 1.00000e+00 1.19472e-08 1.34960e-08 8.65455e-09 -1.44560e-09
9.84980e+02 1.00000e+00 4.17198e-03 4.73126e-03 2.84812e-04 1.02839e-04
5.55060e+02 1.00000e+00 1.01779e-01 1.16795e-01 4.83982e-03 -1.28260e-03
1.41140e+03 1.00000e+00 3.07400e-04 3.41717e-04 3.27215e-05 -1.37147e-05
3.36520e+03 1.00000e+00 1.17415e-08 1.29211e-08 8.66994e-09 -1.41078e-09
1.96690e+03 1.00000e+00 1.46067e-05 1.64392e-05 3.19803e-06 -1.98593e-07
3.19690e+03 1.00000e+00 2.58492e-08 2.87864e-08 1.60852e-08 -1.34111e-09
9.29580e+02 1.00000e+00 6.48415e-03 7.08796e-03 4.09741e-04 -2.27721e-04
5.37070e+02 1.00000e+00 1.19434e-01 1.40264e-01 5.40834e-03 -1.43063e-03
2.10190e+03 1.00000e+00 7.19824e-06 7.66844e-06 1.90635e-06 -1.91157e-07
2.29010e+03 1.00000e+00 2.59619e-06 2.85416e-06 8.17896e-07 -1.09568e-07
2.76270e+03 1.00000e+00 2.18995e-07 2.35588e-07 1.27204e-07 -5.14026e-09
3.18250e+03 1.00000e+00 2.71342e-08 3.09669e-08 1.85490e-08 -2.49308e-09
2.45320e+03 1.00000e+00 1.11082e-06 1.19276e-06 4.34700e-07 -2.10929e-08
3.35170e+03 1.00000e+00 1.26977e-08 1.33224e-08 8.58484e-09 -1.34706e-09
2.96100e+03 1.00000e+00 8.15840e-08 8.79077e-08 5.18780e-08 -3.69024e-09
4.94350e+02 1.00000e+00 1.76617e-01 2.07727e-01 7.89637e-03 3.12457e-03
3.27490e+03 1.00000e+00 1.74787e-08 1.93635e-08 1.23052e-08 -1.69983e-09
3.16950e+03 1.00000e+00 2.94810e-08 3.26127e-08 1.83383e-08 -2.07027e-09
1.27000e+03 1.00000e+00 7.35308e-04 7.69615e-04 6.42381e-05 -3.39075e-05
2.94610e+03 1.00000e+00 8.72189e-08 9.33616e-08 6.01606e-08 -5.66181e-09
2.99190e+03 1.00000e+00 7.11164e-08 7.30142e-08 4.43657e-08 -4.90753e-09
6.93110e+02 1.00000e+00 3.26311e-02 3.75544e-02 1.78567e-03 -4.76466e-04
5.80190e+02 1.00000e+00 8.58441e-02 9.52652e-02 4.31744e-03 -2.39933e-04
2.04710e+03 1.00000e+00 9.58702e-06 1.05647e-05 2.26586e-06 -2.28714e-07
1.67050e+03 1.00000e+00 7.34261e-05 8.20886e-05 1.12072e-05 -7.58209e-07
1.81160e+03 1.00000e+00 3.30696e-05 3.73489e-05 5.80172e-06 -9.03272e-08
1.73930e+03 1.00000e+00 4.87233e-05 5.63813e-05 8.31859e-06 3.18496e-07
6.40590e+02 1.00000e+00 5.01278e-02 5.78728e-02 2.61928e-03 9.01429e-04
1.72090e+03 1.00000e+00 5.23449e-05 6.30141e-05 8.94390e-06 -1.61484e-06
2.75610e+03 1.00000e+00 2.27673e-07 2.45155e-07 1.30867e-07 -1.03798e-08
2.63000e+03 1.00000e+00 4.24385e-07 4.74007e-07 2.12356e-07 -6.85524e-09
2.85270e+03 1.00000e+00 1.38368e-07 1.56831e-07 8.59962e-08 -4.93828e-09
3.11240e+03 1.00000e+00 3.81914e-08 4.22631e-08 2.51236e-08 -3.15563e-09
1.89070e+03 1.00000e+00 2.23348e-05 2.47244e-05 4.44936e-06 -7.11450e-07
6.72770e+02 1.00000e+00 3.70786e-02 4.49153e-02 1.93915e-03 -5.68203e-04
3.48490e+03 1.00000e+00 6.92812e-09 7.63863e-09 5.11896e-09 -1.12622e-09
1.32660e+03 1.00000e+00 5.06354e-04 5.67961e-04 5.20016e-05 -7.37516e-06
2.41120e+03 1.00000e+00 1.37014e-06 1.56086e-06 4.93517e-07 -3.44279e-08
1.40150e+03 1.00000e+00 3.21874e-04 3.80332e-04 3.61318e-05 1.49698e-08
1.37360e+03 1.00000e+00 3.85168e-04 4.26629e-04 4.24201e-05 -5.89699e-06
2.22330e+03 1.00000e+00 3.78918e-06 4.19918e-06 1.10680e-06 -1.82144e-07
1.62630e+03 1.00000e+00 9.40303e-05 1.03233e-04 1.44932e-05 -3.97784e-06
8.66130e+02 1.00000e+00 9.37391e-03 1.10738e-02 6.52843e-04 -1.64083e-05
1.57530e+03 1.00000e+00 1.15821e-04 1.42446e-04 1.62193e-05 -2.89445e-06
1.51340e+03 1.00000e+00 1.73475e-04 1.97556e-04 2.23417e-05 -3.69020e-06
2.80140e+03 1.00000e+00 1.80930e-07 2.01703e-07 1.15791e-07 -9.83132e-09
2.99890e+03 1.00000e+00 6.57317e-08 7.38466e-08 4.41652e-08 -5.44828e-09
2.30930e+03 1.00000e+00 2.31723e-06 2.66315e-06 8.06950e-07 -5.69612e-08
1.43680e+03 1.00000e+00 2.71295e-04 3.12678e-04 3.11778e-05 -1.58209e-06
2.06390e+03 1.00000e+00 8.90587e-06 9.56452e-06 2.19920e-06 1.36087e-07
1.41820e+03 1.00000e+00 3.03522e-04 3.34133e-04 3.29229e-05 -2.51717e-06
7.31780e+02 1.00000e+00 2.43504e-02 2.80668e-02 1.19896e-03 -3.24044e-04
3.28700e+03 1.00000e+00 1.67170e-08 1.86125e-08 1.05685e-08 -1.98305e-09
1.06520e+03 1.00000e+00 2.52945e-03 2.80302e-03 1.94732e-04 -5.66717e-05
1.89550e+03 1.00000e+00 2.14260e-05 2.37801e-05 4.06542e-06 -1.39573e-07
1.58420e+03 1.00000e+00 1.17712e-04 1.32451e-04 1.51050e-05 3.94641e-07
8.43540e+02 1.00000e+00 1.06840e-02 1.28538e-02 6.98094e-04 -1.98274e-04
4.90750e+02 1.00000e+00 1.84851e-01 2.15704e-01 7.93260e-03 3.17893e-04
7.34620e+02 1.00000e+00 2.41143e-02 2.82802e-02 1.35106e-03 -1.37060e-03
9.39270e+02 1.00000e+00 5.34849e-03 6.35814e-03 3.69672e-04 -6.04957e-05
3.11290e+03 1.00000e+00 3.82615e-08 4.27784e-08 2.47963e-08 -2.28995e-09
1.46050e+03 1.00000e+00 2.43954e-04 2.67920e-04 2.71721e-05 1.34837e-06
6.59620e+02 1.00000e+00 4.26729e-02 4.73215e-02 2.03660e-03 -1.67129e-04
3.46990e+03 1.00000e+00 7.24527e-09 8.17822e-09 4.92609e-09 -8.11065e-10
3.18970e+03 1.00000e+00 2.74754e-08 2.83666e-08 1.76587e-08 -2.39644e-09
2.91420e+02 1.00000e+00 1.74428e+00 2.08837e+00 6.50895e-02 6.23504e-03
3.14740e+03 1.00000e+00 3.28292e-08 3.54165e-08 2.08083e-08 -1.85021e-09
3.26720e+03 1.00000e+00 1.87166e-08 2.03494e-08 1.15377e-08 -1.40488e-09
2.42740e+03 1.00000e+00 1.28729e-06 1.44182e-06 4.70150e-07 -5.58442e-08
3.82160e+02 1.00000e+00 5.71310e-01 6.79406e-01 1.87324e-02 1.32891e-03
9.59030e+02 1.00000e+00 4.89978e-03 5.84987e-03 3.07016e-04 -1.01299e-05
2.44430e+03 1.00000e+00 1.16266e-06 1.25373e-06 4.40423e-07 -4.17609e-08
2.89250e+02 1.00000e+00 1.72270e+00 2.16819e+00 5.93141e-02 2.37662e-02
1.17860e+03 1.00000e+00 1.20400e-03 1.40270e-03 1.03211e-04 -3.10148e-05
2.64870e+03 1.00000e+00 3.93377e-07 4.38443e-07 1.90708e-07 5.39527e-09
1.71040e+03 1.00000e+00 5.78834e-05 6.42116e-05 9.10263e-06 -2.22981e-07
2.49280e+03 1.00000e+00 8.98560e-07 9.68702e-07 3.71026e-07 -2.71892e-08
2.14240e+03 1.00000e+00 5.74358e-06 6.21446e-06 1.58568e-06 -6.01266e-08
2.87470e+03 1.00000e+00 1.25779e-07 1.36672e-07 7.85019e-08 -3.43167e-09
2.60520e+03 1.00000e+00 4.81363e-07 5.34475e-07 2.33591e-07 -1.12601e-08
2.86080e+03 1.00000e+00 1.32976e-07 1.48919e-07 8.74387e-08 -4.37425e-09
1.65710e+03 1.00000e+00 7.71684e-05 8.79584e-05 1.06767e-05 -6.92795e-07
1.15930e+03 1.00000e+00 1.38988e-03 1.57208e-03 1.14237e-04 -6.82803e-05
1.13110e+03 1.00000e+00 1.62091e-03 1.80708e-03 1.41040e-04 5.75932e-06
2.48400e+03 1.00000e+00 9.22393e-07 1.05101e-06 3.81699e-07 -4.03401e-08
3.09750e+03 1.00000e+00 4.10131e-08 4.53747e-08 2.59822e-08 -3.40134e-09
2.69450e+03 1.00000e+00 3.22572e-07 3.56641e-07 1.60450e-07 -1.48317e-08
2.27190e+03 1.00000e+00 2.88513e-06 3.07745e-06 9.39904e-07 -5.26397e-08
1.23470e+03 1.00000e+00 9.09606e-04 9.93237e-04 8.76494e-05 -3.39051e-05
3.32250e+02 1.00000e+00 1.02362e+00 1.20848e+00 3.34029e-02 4.59643e-03
1.31560e+03 1.00000e+00 5.46886e-04 6.03349e-04 4.66983e-05 4.49535e-05
2.19840e+03 1.00000e+00 4.27741e-06 4.66708e-06 1.21701e-06 -2.61652e-07
2.39060e+03 1.00000e+00 1.54082e-06 1.69557e-06 5.32884e-07 -5.06558e-08
4.26210e+02 1.00000e+00 3.50938e-01 4.19930e-01 1.21863e-02 -6.82470e-03
1.77790e+03 1.00000e+00 4.09455e-05 4.46360e-05 7.14225e-06 6.42930e-07
2.55110e+03 1.00000e+00 6.68313e-07 7.12191e-07 2.90112e-07 -9.85375e-09
1.63280e+03 1.00000e+00 9.03450e-05 9.92316e-05 1.31317e-05 -3.32191e-06
2.44300e+03 1.00000e+00 1.12838e-06 1.27279e-06 4.28620e-07 -2.46487e-08
3.38410e+03 1.00000e+00 1.07767e-08 1.18562e-08 7.33036e-09 -1.05616e-09
1.18470e+03 1.00000e+00 1.14730e-03 1.35008e-03 9.49361e-05 -2.88550e-05
3.34510e+03 1.00000e+00 1.26944e-08 1.43653e-08 9.08916e-09 -1.17235e-09
2.35010e+03 1.00000e+00 1.87770e-06 2.10798e-06 6.50976e-07 -5.70590e-08
2.59630e+03 1.00000e+00 5.32484e-07 5.75034e-07 2.38205e-07 -2.27551e-08
3.27010e+03 1.00000e+00 1.81225e-08 2.05290e-08 1.23172e-08 -2.13066e-09
5.21040e+02 1.00000e+00 1.40654e-01 1.61913e-01 5.98754e-03 4.53745e-04
9.91820e+02 1.00000e+00 4.03488e-03 4.64277e-03 2.70914e-04 -3.15561e-05
2.81390e+03 1.00000e+00 1.72757e-07 1.83815e-07 1.02349e-07 -9.80498e-09
2.64040e+02 1.00000e+00 2.56207e+00 3.08508e+00 8.83679e-02 -1.59926e-02
9.83960e+02 1.00000e+00 4.04779e-03 4.80761e-03 2.87597e-04 3.23313e-05
2.77500e+03 1.00000e+00 2.11589e-07 2.31132e-07 1.24683e-07 -7.53665e-09
1.15130e+03 1.00000e+00 1.52167e-03 1.64907e-03 1.24864e-04 3.85005e-05
7.81110e+02 1.00000e+00 1.69216e-02 1.93097e-02 9.88948e-04 -4.57548e-05
2.32600e+03 1.00000e+00 2.21521e-06 2.38115e-06 7.10166e-07 -1.97890e-08
2.59160e+03 1.00000e+00 5.45477e-07 5.77703e-07 2.37075e-07 -2.08014e-08
4.04780e+02 1.00000e+00 4.41452e-01 5.21749e-01 1.56728e-02 3.07059e-03
5.64790e+02 1.00000e+00 9.21778e-02 1.08334e-01 4.18794e-03 2.68971e-04
3.39020e+03 1.00000e+00 1.04227e-08 1.15351e-08 6.78123e-09 -1.25707e-09
3.47360e+03 1.00000e+00 7.29607e-09 7.93736e-09 5.51080e-09 -9.52410e-10
1.82300e+03 1.00000e+00 3.10852e-05 3.51854e-05 6.00147e-06 -1.56319e-06
3.37590e+03 1.00000e+00 1.13047e-08 1.20473e-08 7.55231e-09 -1.35081e-09
7.96630e+02 1.00000e+00 1.49126e-02 1.82862e-02 9.69033e-04 3.56678e-05
3.13960e+03 1.00000e+00 3.39573e-08 3.75710e-08 2.08864e-08 -3.88128e-09
2.54300e+03 1.00000e+00 6.67693e-07 7.69752e-07 3.11535e-07 -1.39937e-08
1.01600e+03 1.00000e+00 3.40975e-03 3.95112e-03 2.80053e-04 -5.98822e-05
1.59070e+03 1.00000e+00 1.13457e-04 1.27967e-04 1.57636e-05 -8.75402e-08
3.06290e+03 1.00000e+00 4.81028e-08 5.45633e-08 3.28310e-08 -1.81282e-09
2.57110e+03 1.00000e+00 5.86911e-07 6.49146e-07 2.55870e-07 1.08984e-08
3.50440e+03 1.00000e+00 6.10792e-09 6.92782e-09 4.72809e-09 -5.67681e-10
1.13580e+03 1.00000e+00 1.55579e-03 1.88283e-03 1.23790e-04 -1.57759e-05
2.85640e+03 1.00000e+00 1.32761e-07 1.53352e-07 8.94405e-08 -9.97061e-09
3.29400e+03 1.00000e+00 1.61538e-08 1.78365e-08 1.09556e-08 -1.73041e-09
5.70780e+02 1.00000e+00 8.78096e-02 1.03044e-01 4.02745e-03 -1.45733e-04
2.54070e+03 1.00000e+00 7.15029e-07 7.80871e-07 3.14815e-07 -2.41588e-08
1.68090e+03 1.00000e+00 6.90324e-05 7.73237e-05 1.08978e-05 4.80300e-07
1.91040e+02 1.00000e+00 8.60242e+00 1.04865e+01 3.36881e-01 -2.03060e-01
2.40100e+03 1.00000e+00 1.47969e-06 1.65830e-06 5.31768e-07 -4.56200e-08
3.16980e+03 1.00000e+00 2.89039e-08 3.18110e-08 1.82168e-08 -2.73867e-09
1.80500e+03 1.00000e+00 3.60655e-05 3.86031e-05 6.22012e-06 -1.04445e-06
2.61860e+03 1.00000e+00 4.66793e-07 5.13949e-07 2.11325e-07 -2.78800e-08
1.78000e+03 1.00000e+00 4.06286e-05 4.46752e-05 6.57429e-06 -1.13140e-06
2.00320e+02 1.00000e+00 7.26206e+00 8.67316e+00 2.69278e-01 2.52681e-01
2.42010e+03 1.00000e+00 1.31458e-06 1.46095e-06 4.92540e-07 1.24172e-08
3.14560e+03 1.00000e+00 3.27503e-08 3.60870e-08 2.13985e-08 -3.38725e-09
3.14220e+03 1.00000e+00 3.43002e-08 3.66417e-08 2.22174e-08 -2.70614e-09
3.31690e+03 1.00000e+00 1.46006e-08 1.60630e-08 1.00581e-08 -1.61919e-09
3.32470e+02 1.00000e+00 9.84178e-01 1.22783e+00 3.97109e-02 -2.05121e-02
1.85530e+03 1.00000e+00 2.62164e-05 2.98394e-05 4.99354e-06 2.30403e-07
2.22630e+03 1.00000e+00 3.63442e-06 3.96597e-06 1.08431e-06 4.95891e-08
1.12920e+03 1.00000e+00 1.71734e-03 1.89356e-03 1.37341e-04 3.24967e-05
1.44680e+02 1.00000e+00 2.31982e+01 2.89977e+01 8.09909e-01 4.25640e-01
1.88840e+03 1.00000e+00 2.28159e-05 2.55104e-05 4.22037e-06 -2.40927e-07
2.86200e+03 1.00000e+00 1.33856e-07 1.45551e-07 8.67268e-08 -6.37538e-09
9.25040e+02 1.00000e+00 6.04491e-03 7.09608e-03 4.80239e-04 -4.90638e-05
3.10560e+03 1.00000e+00 4.02917e-08 4.26656e-08 2.56556e-08 -4.34790e-09
2.46440e+03 1.00000e+00 1.02967e-06 1.12402e-06 3.92175e-07 -2.81368e-08
7.52060e+02 1.00000e+00 2.11437e-02 2.39301e-02 1.38379e-03 -2.96101e-04
9.99650e+02 1.00000e+00 3.66666e-03 4.33805e-03 2.90139e-04 -4.57615e-05
3.44970e+02 1.00000e+00 8.71126e-01 1.03641e+00 3.20753e-02 -7.97850e-03
2.76180e+03 1.00000e+00 2.24121e-07 2.47420e-07 1.23901e-07 -1.45548e-08
1.58130e+03 1.00000e+00 1.17441e-04 1.31810e-04 1.68420e-05 -3.82326e-06
3.37980e+03 1.00000e+00 1.11753e-08 1.18786e-08 7.17331e-09 -1.52409e-09
1.53400e+03 1.00000e+00 1.54038e-04 1.70719e-04 1.92335e-05 -1.20922e-07
6.67450e+02 1.00000e+00 4.06734e-02 4.73670e-02 2.31905e-03 -7.60794e-04
1.02200e+03 1.00000e+00 3.26507e-03 3.73297e-03 2.16321e-04 -8.42160e-05
1.05240e+03 1.00000e+00 2.76091e-03 2.95790e-03 2.20079e-04 3.80743e-06
1.93590e+03 1.00000e+00 1.73930e-05 1.87165e-05 3.66795e-06 -1.53036e-07
1.32430e+03 1.00000e+00 5.16699e-04 5.75238e-04 5.47013e-05 3.81317e-06
2.38090e+03 1.00000e+00 1.61641e-06 1.79047e-06 5.66443e-07 -6.48545e-08
1.97570e+03 1.00000e+00 1.35949e-05 1.52559e-05 2.96749e-06 -2.36053e-07
7.89170e+02 1.00000e+00 1.62335e-02 1.78289e-02 1.00474e-03 -3.02434e-04
3.16610e+03 1.00000e+00 2.91490e-08 3.24961e-08 1.90119e-08 -3.68202e-09
7.73840e+02 1.00000e+00 1.81285e-02 2.02667e-02 1.02871e-03 2.82602e-04
2.40860e+03 1.00000e+00 1.37471e-06 1.57167e-06 4.87245e-07 -5.43130e-08
2.57570e+03 1.00000e+00 5.91575e-07 6.36009e-07 2.66118e-07 -1.82994e-08
1.34400e+03 1.00000e+00 4.64689e-04 5.22292e-04 4.83172e-05 -4.44838e-06
2.70010e+03 1.00000e+00 3.06376e-07 3.30812e-07 1.70982e-07 -1.09995e-08
3.62460e+02 1.00000e+00 6.95630e-01 8.51690e-01 2.80728e-02 9.71128e-03
1.41760e+03 1.00000e+00 3.11284e-04 3.36550e-04 3.30387e-05 -1.71254e-07
3.15860e+03 1.00000e+00 3.10159e-08 3.38777e-08 1.97047e-08 -2.37336e-09
3.99250e+02 1.00000e+00 4.57544e-01 5.53099e-01 1.56462e-02 9.89128e-03
5.03030e+02 1.00000e+00 1.62535e-01 1.93900e-01 6.70433e-03 -2.50502e-03
2.81440e+03 1.00000e+00 1.66430e-07 1.87527e-07 1.01111e-07 -1.04535e-08
1.58880e+03 1.00000e+00 1.12635e-04 1.28415e-04 1.46406e-05 -2.80808e-06
2.02270e+03 1.00000e+00 1.08490e-05 1.24795e-05 2.46853e-06 -1.11506e-07
2.80020e+03 1.00000e+00 1.81779e-07 1.95794e-07 1.13146e-07 -1.23768e-08
2.82780e+03 1.00000e+00 1.57705e-07 1.71102e-07 9.89646e-08 -1.43109e-08
3.23080e+03 1.00000e+00 2.19054e-08 2.39465e-08 1.55731e-08 -2.05314e-09
3.02990e+03 1.00000e+00 5.71733e-08 6.39969e-08 3.49352e-08 -2.50896e-09
6.04150e+02 1.00000e+00 6.63092e-02 7.79241e-02 2.86946e-03 2.56797e-04
2.99120e+03 1.00000e+00 6.96847e-08 7.86785e-08 4.34841e-08 -4.50766e-09
2.59800e+03 1.00000e+00 5.11607e-07 5.59451e-07 2.36199e-07 -1.70910e-08
3.19940e+03 1.00000e+00 2.57199e-08 2.75401e-08 1.67757e-08 -2.06964e-09
1.08370e+03 1.00000e+00 2.21982e-03 2.42977e-03 1.79980e-04 -1.18494e-05
3.22710e+03 1.00000e+00 2.20304e-08 2.47413e-08 1.35884e-08 -2.68195e-09
1.13480e+03 1.00000e+00 1.63635e-03 1.82889e-03 1.46790e-04 8.75484e-06
3.29510e+03 1.00000e+00 1.61614e-08 1.80831e-08 1.11136e-08 -1.48439e-09
2.65850e+03 1.00000e+00 3.73411e-07 4.07244e-07 1.96320e-07 -1.63752e-08
1.03640e+03 1.00000e+00 2.98365e-03 3.23352e-03 2.30216e-04 5.36854e-06
3.05210e+03 1.00000e+00 5.06282e-08 5.71506e-08 3.41069e-08 -3.96598e-09
7.71990e+02 1.00000e+00 1.80813e-02 2.21878e-02 1.13727e-03 9.29761e-05
8.18820e+02 1.00000e+00 1.27361e-02 1.51630e-02 7.97515e-04 -2.29369e-06
8.10450e+02 1.00000e+00 1.36125e-02 1.53479e-02 9.23365e-04 -1.21479e-04
1.60400e+03 1.00000e+00 1.06188e-04 1.16966e-04 1.54311e-05 2.26987e-06
3.07900e+03 1.00000e+00 4.51816e-08 4.98866e-08 2.94052e-08 -5.31643e-09
1.65850e+03 1.00000e+00 7.78456e-05 8.91813e-05 1.14807e-05 -8.55558e-07
3.46140e+03 1.00000e+00 7.71144e-09 8.16880e-09 5.14994e-09 -7.86705e-10
1.82050e+03 1.00000e+00 3.25259e-05 3.48344e-05 6.02494e-06 -1.39820e-06
3.06710e+03 1.00000e+00 4.79657e-08 5.15191e-08 3.01385e-08 -3.18853e-09
4.00120e+02 1.00000e+00 4.56041e-01 5.48502e-01 1.78460e-02 8.15765e-03
2.24550e+03 1.00000e+00 3.39150e-06 3.54928e-06 9.97892e-07 -7.19595e-08
8.63630e+02 1.00000e+00 9.40835e-03 1.10251e-02 5.94407e-04 -2.35075e-04
2.64180e+03 1.00000e+00 4.14378e-07 4.48643e-07 1.99939e-07 -1.60905e-08
2.56900e+03 1.00000e+00 6.00401e-07 6.63173e-07 2.63173e-07 -8.85656e-09
1.07930e+03 1.00000e+00 2.26297e-03 2.63277e-03 1.66871e-04 -7.89757e-05
3.30960e+03 1.00000e+00 1.51945e-08 1.66089e-08 1.12791e-08 -1.34477e-09
1.38860e+03 1.00000e+00 3.58678e-04 4.11035e-04 3.59395e-05 -2.43736e-06
2.50510e+03 1.00000e+00 8.42042e-07 9.37489e-07 3.43034e-07 -1.06778e-08
2.80440e+03 1.00000e+00 1.74458e-07 2.00624e-07 1.08146e-07 -1.31812e-08
2.18690e+03 1.00000e+00 4.30685e-06 5.14655e-06 1.28254e-06 2.69376e-08
2.67210e+03 1.00000e+00 3.48136e-07 3.90231e-07 1.85586e-07 -2.48577e-08
2.97750e+03 1.00000e+00 7.36296e-08 8.13099e-08 4.91872e-08 -5.11770e-09
1.65050e+03 1.00000e+00 8.07571e-05 9.12594e-05 1.11441e-05 -1.18282e-07
1.20780e+03 1.00000e+00 9.98219e-04 1.16070e-03 9.25968e-05 -1.34222e-05
6.09580e+02 1.00000e+00 6.48513e-02 7.46892e-02 2.73383e-03 -1.05819e-03
5.27880e+02 1.00000e+00 1.32366e-01 1.50738e-01 5.51650e-03 2.47924e-03
6.48370e+02 1.00000e+00 4.71343e-02 5.38884e-02 2.28558e-03 6.84779e-04
6.98190e+02 1.00000e+00 3.07787e-02 3.66708e-02 1.81612e-03 -7.23570e-04
3.37130e+03 1.00000e+00 1.13955e-08 1.22808e-08 8.23628e-09 -1.42293e-09
1.68140e+03 1.00000e+00 6.89124e-05 7.52318e-05 1.12457e-05 -1.26394e-06
2.57240e+03 1.00000e+00 5.73699e-07 6.52110e-07 2.52129e-07 -1.89078e-08
1.36210e+03 1.00000e+00 4.07969e-04 4.54241e-04 4.59469e-05 -4.17403e-06
9.43220e+02 1.00000e+00 5.59556e-03 6.35132e-03 3.45560e-04 1.86619e-04
6.57800e+02 1.00000e+00 4.31826e-02 4.88080e-02 2.01195e-03 -1.65386e-03
3.14760e+03 1.00000e+00 3.15377e-08 3.55992e-08 2.10522e-08 -3.00664e-09
1.32110e+03 1.00000e+00 5.47283e-04 5.97959e-04 5.34855e-05 -1.80759e-05
2.34110e+03 1.00000e+00 2.02064e-06 2.20713e-06 6.40748e-07 7.72437e-09
2.21790e+03 1.00000e+00 3.68312e-06 4.23871e-06 1.06867e-06 -1.36937e-07
2.25470e+03 1.00000e+00 3.07182e-06 3.39308e-06 9.07691e-07 -9.12081e-09
3.41540e+03 1.00000e+00 9.23166e-09 1.00795e-08 6.37623e-09 -1.14433e-09
6.91790e+02 1.00000e+00 3.25608e-02 3.86891e-02 1.86824e-03 -1.15982e-03
2.44500e+03 1.00000e+00 1.15746e-06 1.28521e-06 4.54837e-07 -4.24225e-08
4.38350e+02 1.00000e+00 3.04776e-01 3.66303e-01 1.23063e-02 -1.91983e-03
9.30860e+02 1.00000e+00 5.76974e-03 6.57994e-03 4.23838e-04 -5.34191e-05
1.92270e+03 1.00000e+00 1.87797e-05 2.11482e-05 3.66585e-06 -8.19952e-07
1.97470e+03 1.00000e+00 1.40210e-05 1.58616e-05 2.80849e-06 -3.43762e-07
1.30300e+03 1.00000e+00 5.82876e-04 6.75929e-04 5.80917e-05 -3.37605e-06
1.28030e+03 1.00000e+00 6.84559e-04 7.35285e-04 7.15348e-05 -1.41774e-05
2.33220e+03 1.00000e+00 2.07713e-06 2.28042e-06 7.30114e-07 -1.76308e-09
2.82610e+03 1.00000e+00 1.60791e-07 1.77401e-07 1.01259e-07 -8.47114e-09
1.51820e+02 1.00000e+00 1.94820e+01 2.44800e+01 8.10606e-01 -2.36400e-01
1.50460e+03 1.00000e+00 1.82843e-04 2.09666e-04 2.17104e-05 -3.03210e-06
2.08840e+03 1.00000e+00 7.44752e-06 8.33161e-06 1.86217e-06 4.10097e-08
3.20800e+03 1.00000e+00 2.40139e-08 2.65577e-08 1.46221e-08 -1.78135e-09
9.37690e+02 1.00000e+00 5.93755e-03 6.45614e-03 4.16231e-04 -5.37080e-08
1.47310e+03 1.00000e+00 2.20076e-04 2.40202e-04 2.30617e-05 -2.68467e-06
2.98690e+03 1.00000e+00 7.01319e-08 7.59337e-08 4.42448e-08 -2.89064e-09
9.89380e+02 1.00000e+00 3.95843e-03 4.49180e-03 3.18027e-04 1.67714e-04
3.94940e+02 1.00000e+00 4.81070e-01 5.88363e-01 2.06550e-02 1.23646e-03
2.15440e+03 1.00000e+00 5.52133e-06 6.17736e-06 1.39953e-06 8.26834e-08
7.63460e+02 1.00000e+00 1.95606e-02 2.27709e-02 1.21474e-03 -1.30663e-05
2.84660e+03 1.00000e+00 1.43873e-07 1.60342e-07 8.82700e-08 -2.18595e-09
1.38310e+03 1.00000e+00 3.55142e-04 4.23709e-04 4.04939e-05 -1.97115e-05
1.85820e+03 1.00000e+00 2.61414e-05 2.88375e-05 5.13463e-06 6.40475e-10
1.88470e+03 1.00000e+00 2.20079e-05 2.53324e-05 4.48318e-06 -2.94402e-07
1.62920e+03 1.00000e+00 9.31300e-05 1.00732e-04 1.21527e-05 -1.17337e-06
1.82970e+03 1.00000e+00 3.13089e-05 3.50074e-05 5.79721e-06 -1.02859e-06
4.94520e+02 1.00000e+00 1.75513e-01 2.11632e-01 7.14551e-03 -2.46704e-03
3.76780e+02 1.00000e+00 5.86272e-01 7.06238e-01 2.28163e-02 -4.81910e-03
1.10060e+03 1.00000e+00 1.88518e-03 2.28482e-03 1.52148e-04 -2.67461e-05
1.64440e+03 1.00000e+00 8.52341e-05 9.36093e-05 1.20554e-05 -1.76668e-06
2.51740e+03 1.00000e+00 7.85220e-07 8.50301e-07 3.39438e-07 -2.81012e-08
1.35860e+03 1.00000e+00 4.30403e-04 4.82359e-04 4.28532e-05 -5.57061e-06
3.05180e+03 1.00000e+00 5.11748e-08 5.65344e-08 3.20637e-08 -2.89092e-09
4.59100e+02 1.00000e+00 2.53218e-01 2.90253e-01 9.77304e-03 2.52945e-04
1.94430e+03 1.00000e+00 1.58739e-05 1.84601e-05 3.37572e-06 4.12159e-08
1.04410e+03 1.00000e+00 2.85948e-03 3.28300e-03 1.93001e-04 -4.39837e-05
2.86870e+03 1.00000e+00 1.27239e-07 1.46065e-07 8.27158e-08 -6.30782e-09
2.87390e+03 1.00000e+00 1.28611e-07 1.36521e-07 7.93198e-08 -6.94319e-09
1.63600e+03 1.00000e+00 8.97860e-05 1.00558e-04 1.29784e-05 -7.69217e-07
1.45840e+03 1.00000e+00 2.35381e-04 2.59515e-04 2.56368e-05 -2.87944e-06
1.66700e+03 1.00000e+00 7.56475e-05 7.99152e-05 1.14351e-05 4.63984e-07
1.01180e+03 1.00000e+00 3.45428e-03 3.88700e-03 2.58546e-04 -1.45419e-04
2.56040e+02 1.00000e+00 2.83660e+00 3.46079e+00 9.96469e-02 4.82761e-03
2.55820e+03 1.00000e+00 6.28854e-07 7.11221e-07 2.99318e-07 -5.53800e-08
2.96210e+03 1.00000e+00 8.13299e-08 8.67833e-08 5.08867e-08 -6.31521e-09
3.09340e+03 1.00000e+00 3.98403e-08 4.64513e-08 2.70391e-08 -2.90053e-09
1.06400e+03 1.00000e+00 2.43547e-03 2.74584e-03 1.86337e-04 -1.67808e-05
7.84030e+02 1.00000e+00 1.65427e-02 1.84743e-02 1.14680e-03 1.47055e-04
2.95870e+03 1.00000e+00 8.10476e-08 8.96385e-08 5.32615e-08 -3.46713e-09
2.90860e+03 1.00000e+00 1.07044e-07 1.13164e-07 6.73024e-08 -7.36461e-09
1.29850e+03 1.00000e+00 6.06445e-04 6.91648e-04 5.78664e-05 7.05068e-06
1.03460e+03 1.00000e+00 2.89625e-03 3.47119e-03 2.43054e-04 -1.05768e-04
1.31530e+03 1.00000e+00 5.37599e-04 6.08290e-04 5.46968e-05 -2.67405e-06
9.16370e+02 1.00000e+00 6.46205e-03 7.37480e-03 4.68307e-04 -1.28694e-04
3.39290e+03 1.00000e+00 1.00385e-08 1.14404e-08 7.89593e-09 -1.46592e-09
5.59500e+02 1.00000e+00 9.83977e-02 1.14687e-01 4.70817e-03 2.47608e-03
2.84250e+03 1.00000e+00 1.46960e-07 1.59215e-07 9.44980e-08 -1.05203e-08
2.63210e+03 1.00000e+00 4.29823e-07 4.62886e-07 1.93687e-07 -2.44021e-08
2.52930e+03 1.00000e+00 7.31182e-07 8.32901e-07 3.34412e-07 -3.11096e-08
1.01110e+03 1.00000e+00 3.51187e-03 4.03676e-03 2.47663e-04 -6.30693e-05
2.88870e+03 1.00000e+00 1.15603e-07 1.30998e-07 7.66382e-08 -8.12965e-09
1.33480e+03 1.00000e+00 4.78749e-04 5.50032e-04 5.47072e-05 1.58780e-05
5.33840e+02 1.00000e+00 1.21493e-01 1.45704e-01 5.35349e-03 1.49558e-03
2.52010e+03 1.00000e+00 7.92849e-07 8.55555e-07 3.36051e-07 -4.55504e-08
8.73350e+02 1.00000e+00 8.58946e-03 1.00353e-02 6.53455e-04 3.07163e-05
2.37350e+03 1.00000e+00 1.70459e-06 1.81726e-06 5.93012e-07 -2.69934e-08
1.29520e+03 1.00000e+00 6.34256e-04 6.91225e-04 5.83986e-05 1.35645e-05
2.60960e+03 1.00000e+00 4.90596e-07 5.39528e-07 2.31155e-07 -2.28996e-08
2.82040e+03 1.00000e+00 1.65791e-07 1.78780e-07 9.90724e-08 -5.86591e-09
3.26970e+02 1.00000e+00 1.08510e+00 1.28232e+00 3.82284e-02 1.06320e-02
4.04400e+02 1.00000e+00 4.40570e-01 5.26546e-01 1.63089e-02 4.14524e-03
3.47900e+03 1.00000e+00 7.12335e-09 7.54535e-09 5.05939e-09 -7.16183e-10
1.34060e+03 1.00000e+00 4.76687e-04 5.33409e-04 5.26012e-05 -1.54885e-05
2.28340e+03 1.00000e+00 2.65740e-06 3.06653e-06 8.45249e-07 -4.16916e-09
1.75410e+03 1.00000e+00 4.53323e-05 5.06470e-05 7.93524e-06 1.90495e-07
6.09900e+02 1.00000e+00 6.45604e-02 7.28260e-02 3.13825e-03 1.20023e-03
2.11730e+03 1.00000e+00 6.45820e-06 7.21423e-06 1.66521e-06 -2.09801e-07
2.90640e+03 1.00000e+00 1.05560e-07 1.16662e-07 6.94175e-08 -9.70384e-09
2.33810e+03 1.00000e+00 1.97915e-06 2.19670e-06 6.88128e-07 -9.07097e-08
3.47060e+03 1.00000e+00 7.20381e-09 7.95962e-09 5.50230e-09 -9.41955e-10
3.38330e+03 1.00000e+00 1.06007e-08 1.17326e-08 6.92239e-09 -1.30946e-09
5.64190e+02 1.00000e+00 9.26814e-02 1.09947e-01 4.35315e-03 -5.09541e-04
2.20320e+03 1.00000e+00 4.18963e-06 4.51786e-06 1.15560e-06 4.09522e-08
1.66310e+03 1.00000e+00 7.54872e-05 8.50316e-05 1.04543e-05 -1.91841e-06
3.09280e+03 1.00000e+00 4.20359e-08 4.53811e-08 2.58944e-08 -2.65958e-09
2.34100e+03 1.00000e+00 1.98466e-06 2.21640e-06 6.49872e-07 -5.75015e-08
1.74370e+03 1.00000e+00 4.91687e-05 5.46189e-05 8.63749e-06 -1.43327e-06
3.02860e+03 1.00000e+00 5.89478e-08 6.22176e-08 3.76011e-08 -2.01403e-09
9.76320e+02 1.00000e+00 4.31652e-03 4.95867e-03 3.12299e-04 -9.71517e-05
1.53050e+03 1.00000e+00 1.52888e-04 1.87071e-04 2.07738e-05 2.33710e-07
1.52650e+03 1.00000e+00 1.64851e-04 1.83423e-04 1.97962e-05 -1.51999e-06
1.56380e+03 1.00000e+00 1.25523e-04 1.43783e-04 1.72171e-05 -1.04841e-06
1.72400e+03 1.00000e+00 5.50438e-05 6.08845e-05 8.65401e-06 1.32350e-06
3.34920e+03 1.00000e+00 1.27688e-08 1.37232e-08 7.87998e-09 -2.03941e-09
1.52700e+03 1.00000e+00 1.59583e-04 1.82256e-04 2.10117e-05 -3.49608e-08
2.08100e+03 1.00000e+00 8.31264e-06 8.88195e-06 1.93732e-06 1.64640e-07
3.43520e+03 1.00000e+00 8.56905e-09 9.21607e-09 5.80131e-09 -1.11828e-09
3.36350e+03 1.00000e+00 1.18422e-08 1.31910e-08 8.12516e-09 -1.09131e-09
2.51490e+03 1.00000e+00 7.98874e-07 8.72345e-07 3.31991e-07 -2.27394e-08
2.92050e+03 1.00000e+00 9.61606e-08 1.08742e-07 6.47854e-08 -6.42907e-09
2.18940e+03 1.00000e+00 4.43813e-06 5.05759e-06 1.25144e-06 -3.79383e-08
8.79310e+02 1.00000e+00 8.59094e-03 9.90339e-03 5.54842e-04 -1.00355e-04
4.84390e+02 1.00000e+00 1.96865e-01 2.30806e-01 8.52513e-03 -2.82126e-03
1.09040e+03 1.00000e+00 2.13432e-03 2.38535e-03 1.47221e-04 5.33196e-06
1.22720e+03 1.00000e+00 8.87675e-04 1.04396e-03 8.24129e-05 1.58781e-06
6.88350e+02 1.00000e+00 3.29800e-02 3.92847e-02 1.81006e-03 5.78428e-05
3.08940e+03 1.00000e+00 4.37372e-08 4.66222e-08 2.76483e-08 -5.21589e-09
2.85000e+03 1.00000e+00 1.41916e-07 1.55505e-07 9.13891e-08 -1.85276e-09
1.71650e+03 1.00000e+00 5.85007e-05 6.50217e-05 9.27870e-06 -1.11176e-06
1.76980e+03 1.00000e+00 4.21358e-05 4.74300e-05 6.94203e-06 -1.01204e-06
1.24030e+03 1.00000e+00 8.36297e-04 9.74227e-04 7.51895e-05 -3.15626e-05
3.46690e+03 1.00000e+00 7.34910e-09 8.24687e-09 5.50546e-09 -1.06452e-09
2.01600e+03 1.00000e+00 1.08310e-05 1.28983e-05 2.34465e-06 -1.87256e-07
7.61500e+02 1.00000e+00 1.91638e-02 2.19280e-02 1.34071e-03 1.16807e-04
3.54610e+02 1.00000e+00 7.69448e-01 9.25290e-01 3.11541e-02 -2.16474e-03
1.57010e+03 1.00000e+00 1.34253e-04 1.42549e-04 1.76572e-05 2.13228e-06
1.44490e+03 1.00000e+00 2.60420e-04 2.95448e-04 2.67594e-05 -6.78756e-06
2.59770e+03 1.00000e+00 5.01904e-07 5.88656e-07 2.27686e-07 -4.55570e-09
5.99190e+02 1.00000e+00 7.14867e-02 8.11058e-02 3.25111e-03 1.57090e-03
1.28640e+03 1.00000e+00 6.43181e-04 7.42340e-04 6.05361e-05 5.23898e-06
6.65680e+02 1.00000e+00 4.07661e-02 4.76474e-02 2.26222e-03 4.44551e-04
3.30320e+03 1.00000e+00 1.59496e-08 1.72687e-08 1.13093e-08 -1.73238e-09
6.68930e+02 1.00000e+00 3.85412e-02 4.55559e-02 2.21381e-03 -6.76156e-04
1.09950e+03 1.00000e+00 2.05254e-03 2.22462e-03 1.55910e-04 -5.66436e-05
5.11590e+02 1.00000e+00 1.52689e-01 1.76323e-01 6.53232e-03 9.68171e-04
2.53840e+03 1.00000e+00 6.95008e-07 7.43764e-07 3.10079e-07 -1.86381e-09
2.41410e+03 1.00000e+00 1.34203e-06 1.51807e-06 4.94210e-07 -1.19735e-08
1.78110e+03 1.00000e+00 3.96609e-05 4.55366e-05 7.08476e-06 -4.04957e-07
2.05900e+03 1.00000e+00 8.86435e-06 1.00528e-05 2.24568e-06 -4.66457e-07
1.03760e+03 1.00000e+00 2.96244e-03 3.43709e-03 2.21259e-04 -9.53252e-05
1.20010e+03 1.00000e+00 1.02631e-03 1.17740e-03 1.06010e-04 -3.42856e-05
1.37140e+03 1.00000e+00 3.80323e-04 4.28841e-04 3.90817e-05 -8.07163e-06
2.39190e+03 1.00000e+00 1.48763e-06 1.62941e-06 5.25845e-07 -6.63366e-08
1.19710e+03 1.00000e+00 1.07075e-03 1.23009e-03 9.94671e-05 -1.61932e-05
1.54030e+03 1.00000e+00 1.49752e-04 1.64280e-04 1.80439e-05 3.95376e-06
2.38520e+03 1.00000e+00 1.55310e-06 1.74875e-06 5.69659e-07 -9.26146e-09
1.22810e+03 1.00000e+00 9.31735e-04 1.03622e-03 7.65977e-05 -5.02507e-06
2.55370e+03 1.00000e+00 6.37717e-07 7.32807e-07 2.88243e-07 -2.00579e-08
1.49080e+03 1.00000e+00 1.95799e-04 2.16625e-04 2.45646e-05 9.25113e-06
3.11850e+03 1.00000e+00 3.69092e-08 4.03133e-08 2.46292e-08 -2.93043e-09
5.94320e+02 1.00000e+00 7.43925e-02 8.72305e-02 3.17269e-03 -5.64141e-04
1.41170e+03 1.00000e+00 3.12366e-04 3.55353e-04 3.48452e-05 -2.06237e-07
1.86490e+02 1.00000e+00 9.05867e+00 1.16673e+01 3.15963e-01 2.32724e-01
2.61240e+03 1.00000e+00 4.66370e-07 5.15751e-07 2.19345e-07 9.76774e-10
2.07160e+03 1.00000e+00 8.33300e-06 9.21361e-06 2.01786e-06 -1.73765e-07
1.80900e+03 1.00000e+00 3.42620e-05 3.73505e-05 5.88247e-06 -4.98660e-08
2.04230e+03 1.00000e+00 9.90409e-06 1.06410e-05 2.31705e-06 -1.98589e-07
2.85990e+03 1.00000e+00 1.32036e-07 1.46940e-07 8.48083e-08 -8.71779e-09
1.18410e+03 1.00000e+00 1.22088e-03 1.31007e-03 1.01419e-04 1.04734e-06
1.67730e+03 1.00000e+00 6.85418e-05 7.70897e-05 1.07479e-05 -8.93938e-07
1.30790e+03 1.00000e+00 5.93201e-04 6.35284e-04 5.47035e-05 1.73424e-05
8.56710e+02 1.00000e+00 9.94489e-03 1.16428e-02 5.75506e-04 6.21744e-05
7.52880e+02 1.00000e+00 2.08932e-02 2.42041e-02 1.32289e-03 3.75187e-04
2.58710e+03 1.00000e+00 5.52749e-07 6.11091e-07 2.45368e-07 -1.98171e-08
1.67920e+03 1.00000e+00 6.90336e-05 7.66790e-05 1.09565e-05 -9.45272e-07
2.21000e+03 1.00000e+00 3.92628e-06 4.43251e-06 1.13342e-06 1.12554e-07
2.59700e+03 1.00000e+00 5.07610e-07 5.87169e-07 2.42444e-07 -8.71936e-09
2.91270e+03 1.00000e+00 1.02520e-07 1.12404e-07 7.10427e-08 -5.17969e-09
3.41260e+03 1.00000e+00 9.39300e-09 1.01683e-08 7.23460e-09 -1.39260e-09
2.02290e+03 1.00000e+00 1.07468e-05 1.28066e-05 2.45202e-06 2.01560e-08
1.13750e+03 1.00000e+00 1.58029e-03 1.79135e-03 1.21732e-04 -1.09417e-05
1.44810e+03 1.00000e+00 2.52975e-04 2.77192e-04 2.94542e-05 -1.48747e-06
1.12530e+03 1.00000e+00 1.67481e-03 1.91077e-03 1.52588e-04 -2.00399e-06
2.11740e+03 1.00000e+00 6.66187e-06 7.06011e-06 1.76992e-06 9.66374e-08
3.17780e+03 1.00000e+00 2.81338e-08 3.07563e-08 1.79784e-08 -3.00144e-09
1.68090e+03 1.00000e+00 7.05503e-05 7.81527e-05 1.05918e-05 -7.29209e-07
3.07510e+03 1.00000e+00 4.43485e-08 5.06088e-08 2.90094e-08 -4.29075e-09
1.96870e+03 1.00000e+00 1.46164e-05 1.56804e-05 3.20591e-06 -5.40538e-07
3.16110e+02 1.00000e+00 1.24331e+00 1.46706e+00 3.94899e-02 -1.62271e-02
5.50160e+02 1.00000e+00 1.06991e-01 1.25957e-01 4.88933e-03 3.63614e-04
2.27600e+03 1.00000e+00 2.80181e-06 3.12912e-06 8.92654e-07 -5.93546e-08
1.31830e+03 1.00000e+00 5.19074e-04 5.88979e-04 5.07557e-05 1.80470e-05
2.24010e+03 1.00000e+00 3.49743e-06 3.80508e-06 9.85191e-07 -5.41425e-08
2.99570e+02 1.00000e+00 1.52632e+00 1.85264e+00 5.58309e-02 2.75726e-02
2.66970e+03 1.00000e+00 3.57002e-07 3.95576e-07 1.82402e-07 -1.05829e-08
1.95800e+03 1.00000e+00 1.53587e-05 1.69168e-05 3.27410e-06 2.90287e-07
1.45460e+03 1.00000e+00 2.47054e-04 2.74251e-04 2.71869e-05 -1.65473e-05
1.60170e+03 1.00000e+00 1.04219e-04 1.20806e-04 1.50902e-05 -2.32639e-06
2.24040e+03 1.00000e+00 3.53506e-06 3.72460e-06 1.00742e-06 -7.40063e-08
1.75010e+03 1.00000e+00 4.75289e-05 5.30218e-05 8.03719e-06 -4.14567e-07
4.07410e+02 1.00000e+00 4.18913e-01 5.13355e-01 1.44584e-02 -6.94788e-03
3.41880e+02 1.00000e+00 8.98602e-01 1.09483e+00 3.42780e-02 1.98641e-02
1.47330e+03 1.00000e+00 2.10452e-04 2.45090e-04 2.79831e-05 -3.10135e-06
1.42520e+03 1.00000e+00 2.80165e-04 3.21295e-04 3.37362e-05 4.15303e-06
6.11680e+02 1.00000e+00 6.07653e-02 7.29332e-02 3.39345e-03 1.10602e-04
2.94700e+03 1.00000e+00 8.74411e-08 9.49994e-08 5.84910e-08 -6.33546e-09
2.35180e+03 1.00000e+00 1.90488e-06 2.11516e-06 6.60457e-07 -2.15487e-08
2.97740e+03 1.00000e+00 7.44680e-08 8.07447e-08 4.84640e-08 -2.00712e-09
1.50110e+03 1.00000e+00 1.81862e-04 2.11223e-04 2.44387e-05 2.95270e-06
8.03910e+02 1.00000e+00 1.45704e-02 1.57923e-02 8.24094e-04 -4.36393e-04
1.17010e+03 1.00000e+00 1.30733e-03 1.50455e-03 1.14495e-04 -1.35621e-05
1.15560e+03 1.00000e+00 1.42583e-03 1.61459e-03 1.14000e-04 -2.01069e-06
1.46560e+03 1.00000e+00 2.29167e-04 2.62282e-04 2.56015e-05 -1.12322e-05
5.30130e+02 1.00000e+00 1.27189e-01 1.46026e-01 5.49784e-03 4.19289e-04
3.09440e+03 1.00000e+00 4.24115e-08 4.64762e-08 2.67326e-08 -2.73830e-09
3.38410e+03 1.00000e+00 1.03737e-08 1.18990e-08 7.30357e-09 -1.48445e-09
3.06240e+03 1.00000e+00 4.91884e-08 5.41007e-08 3.18560e-08 -5.28562e-09
2.92080e+03 1.00000e+00 9.91446e-08 1.09690e-07 6.87935e-08 -4.65832e-09
1.19310e+03 1.00000e+00 1.16013e-03 1.28720e-03 9.97293e-05 -4.87805e-05
3.32150e+03 1.00000e+00 1.42337e-08 1.52893e-08 9.37707e-09 -1.18223e-09
1.56480e+03 1.00000e+00 1.32644e-04 1.46843e-04 1.77508e-05 -3.03923e-06
2.28350e+03 1.00000e+00 2.83058e-06 2.91623e-06 8.37568e-07 -6.61485e-08
1.58320e+03 1.00000e+00 1.21011e-04 1.29230e-04 1.51199e-05 3.28611e-06
2.03800e+03 1.00000e+00 1.02059e-05 1.09479e-05 2.25781e-06 -4.21438e-08
7.82770e+02 1.00000e+00 1.67520e-02 1.92100e-02 1.13732e-03 2.01264e-04
1.79720e+03 1.00000e+00 3.58437e-05 3.95993e-05 6.68179e-06 -1.25649e-06
3.28500e+03 1.00000e+00 1.69610e-08 1.83762e-08 1.09649e-08 -1.74564e-09
2.17670e+03 1.00000e+00 4.70905e-06 5.22706e-06 1.26963e-06 -1.03984e-07
3.31420e+03 1.00000e+00 1.51864e-08 1.62517e-08 1.03034e-08 -1.96803e-09
1.86820e+03 1.00000e+00 2.45011e-05 2.81636e-05 4.89574e-06 -2.92080e-07
3.34290e+03 1.00000e+00 1.29285e-08 1.44061e-08 8.08751e-09 -1.51097e-09
2.33190e+03 1.00000e+00 2.11892e-06 2.25348e-06 6.92878e-07 -4.32452e-08
3.34180e+03 1.00000e+00 1.28042e-08 1.48213e-08 8.81492e-09 -1.86425e-09
1.29000e+03 1.00000e+00 6.45912e-04 7.27681e-04 5.85946e-05 -1.90740e-05
4.38540e+02 1.00000e+00 3.07303e-01 3.63808e-01 1.11396e-02 -4.58277e-03
3.56480e+02 1.00000e+00 7.43364e-01 8.85290e-01 3.30448e-02 -1.09116e-02
2.29840e+03 1.00000e+00 2.52441e-06 2.73797e-06 8.08367e-07 -3.31937e-08
3.36430e+03 1.00000e+00 1.16272e-08 1.26022e-08 8.45615e-09 -1.48764e-09
3.44060e+03 1.00000e+00 8.45429e-09 8.68577e-09 5.65417e-09 -1.03023e-09
2.85690e+03 1.00000e+00 1.37499e-07 1.51185e-07 8.95186e-08 -5.61208e-09
1.89340e+03 1.00000e+00 2.10545e-05 2.40229e-05 4.35012e-06 -1.70178e-07
1.89730e+03 1.00000e+00 2.10880e-05 2.35892e-05 4.20384e-06 -1.15604e-06
5.75720e+02 1.00000e+00 8.62143e-02 1.03301e-01 3.61495e-03 -9.93464e-06
2.37150e+03 1.00000e+00 1.70817e-06 1.92597e-06 6.09311e-07 -6.96882e-08
1.94060e+03 1.00000e+00 1.63748e-05 1.88036e-05 3.56926e-06 -2.04676e-07
3.01870e+03 1.00000e+00 5.90651e-08 6.75852e-08 3.91592e-08 -5.64757e-09
2.86980e+03 1.00000e+00 1.23802e-07 1.39559e-07 8.11110e-08 -1.05884e-08
2.18910e+03 1.00000e+00 4.42130e-06 4.98459e-06 1.28215e-06 3.16134e-09
2.08110e+03 1.00000e+00 8.07648e-06 8.99155e-06 1.92921e-06 -1.97693e-07
2.71430e+03 1.00000e+00 2.79832e-07 3.13593e-07 1.44855e-07 -1.53794e-08
3.02560e+02 1.00000e+00 1.47846e+00 1.82822e+00 4.96663e-02 1.66812e-03
2.13790e+03 1.00000e+00 5.59295e-06 6.48303e-06 1.60296e-06 -1.33937e-07
2.74720e+03 1.00000e+00 2.39707e-07 2.62177e-07 1.32491e-07 -1.09099e-08
2.68990e+02 1.00000e+00 2.42319e+00 2.80002e+00 7.78481e-02 8.87470e-03
1.45600e+03 1.00000e+00 2.43256e-04 2.75413e-04 3.02381e-05 4.28005e-06
1.80990e+03 1.00000e+00 3.48052e-05 3.84469e-05 5.89381e-06 -3.08388e-07
1.86810e+03 1.00000e+00 2.32949e-05 2.84615e-05 4.78158e-06 -1.50626e-07
8.04370e+02 1.00000e+00 1.47991e-02 1.67278e-02 8.89726e-04 -7.62179e-04
2.73880e+03 1.00000e+00 2.50206e-07 2.76941e-07 1.43104e-07 -9.81533e-09
2.26250e+03 1.00000e+00 2.94809e-06 3.32428e-06 9.37105e-07 -5.42967e-08
2.18020e+03 1.00000e+00 4.81318e-06 5.19558e-06 1.31109e-06 -1.53688e-07
2.82070e+03 1.00000e+00 1.63917e-07 1.81226e-07 1.05337e-07 -8.75194e-09
1.11910e+03 1.00000e+00 1.77747e-03 1.97825e-03 1.52852e-04 1.68580e-05
2.78950e+02 1.00000e+00 2.04363e+00 2.50240e+00 6.84827e-02 3.47779e-02
1.36190e+03 1.00000e+00 4.11807e-04 4.60137e-04 4.67754e-05 -1.57215e-05
2.91600e+03 1.00000e+00 1.05704e-07 1.12927e-07 6.50104e-08 -6.31455e-09
1.65160e+03 1.00000e+00 7.91483e-05 9.16137e-05 1.23143e-05 1.74465e-06
3.01840e+03 1.00000e+00 6.00325e-08 6.56941e-08 4.00969e-08 -3.14337e-09
2.65070e+03 1.00000e+00 4.02149e-07 4.45279e-07 1.89103e-07 -2.59430e-08
1.88890e+03 1.00000e+00 2.27291e-05 2.44208e-05 4.44118e-06 -3.15296e-07
2.51350e+03 1.00000e+00 7.87777e-07 8.63776e-07 3.34769e-07 -2.48790e-08
2.35080e+03 1.00000e+00 1.87150e-06 2.01066e-06 6.47987e-07 -4.96542e-08
1.89200e+03 1.00000e+00 2.17197e-05 2.48048e-05 4.35750e-06 1.66543e-07
8.17150e+02 1.00000e+00 1.31077e-02 1.45239e-02 8.03946e-04 -1.97353e-04
7.06420e+02 1.00000e+00 2.90032e-02 3.56912e-02 1.44364e-03 -2.65468e-05
1.29430e+03 1.00000e+00 6.17450e-04 7.16135e-04 6.04051e-05 -3.86913e-06
3.86290e+02 1.00000e+00 5.31790e-01 6.38442e-01 2.04240e-02 -2.13658e-03
1.53250e+03 1.00000e+00 1.59488e-04 1.76988e-04 1.93593e-05 -3.36048e-07
2.25710e+03 1.00000e+00 3.09907e-06 3.48887e-06 9.18842e-07 -1.57110e-07
3.41190e+03 1.00000e+00 9.49856e-09 1.04334e-08 6.87927e-09 -1.41686e-09
8.38790e+02 1.00000e+00 1.07845e-02 1.25897e-02 6.39288e-04 1.01614e-04
6.52790e+02 1.00000e+00 4.35288e-02 5.31150e-02 2.25645e-03 3.70472e-04
1.98450e+03 1.00000e+00 1.31129e-05 1.47734e-05 2.90272e-06 -8.75575e-08
2.45100e+03 1.00000e+00 1.12825e-06 1.20114e-06 4.37286e-07 -1.60324e-08
2.28350e+03 1.00000e+00 2.72336e-06 3.00069e-06 8.49287e-07 -1.31223e-07
1.97650e+03 1.00000e+00 1.40701e-05 1.54223e-05 2.94610e-06 -3.64496e-07
3.11930e+03 1.00000e+00 3.69636e-08 4.09543e-08 2.40072e-08 -3.06462e-09
2.27430e+02 1.00000e+00 4.46544e+00 5.43703e+00 1.49572e-01 1.14137e-01
4.30500e+02 1.00000e+00 3.34353e-01 3.88745e-01 1.20872e-02 -6.53890e-03
2.87380e+02 1.00000e+00 1.81841e+00 2.16445e+00 7.12579e-02 1.80345e-02
3.34190e+03 1.00000e+00 1.30621e-08 1.41743e-08 9.53341e-09 -1.23504e-09
1.74030e+03 1.00000e+00 5.06840e-05 5.62106e-05 8.52208e-06 -5.71185e-07
3.03320e+03 1.00000e+00 5.48403e-08 6.20886e-08 3.62064e-08 -2.62261e-09
2.13740e+03 1.00000e+00 5.81405e-06 6.44778e-06 1.63340e-06 -1.65841e-07
3.36530e+03 1.00000e+00 1.17184e-08 1.30919e-08 8.40790e-09 -1.43310e-09
1.11820e+03 1.00000e+00 1.75476e-03 1.98123e-03 1.51843e-04 -3.27240e-05
3.11150e+03 1.00000e+00 3.95788e-08 4.16971e-08 2.53461e-08 -3.61257e-09
5.49920e+02 1.00000e+00 1.03558e-01 1.27726e-01 4.69434e-03 2.04068e-03
9.63240e+02 1.00000e+00 4.83238e-03 5.49270e-03 3.82177e-04 1.61189e-04
3.46510e+03 1.00000e+00 7.41904e-09 7.99505e-09 5.47071e-09 -1.18824e-09
3.24040e+03 1.00000e+00 2.08073e-08 2.32182e-08 1.32527e-08 -2.03114e-09
1.65610e+03 1.00000e+00 7.79991e-05 8.86577e-05 1.17264e-05 -2.98009e-06
1.15150e+03 1.00000e+00 1.47931e-03 1.65122e-03 1.12996e-04 -1.91889e-05
2.32580e+02 1.00000e+00 4.23405e+00 5.19711e+00 1.33362e-01 -6.41786e-02
1.38840e+03 1.00000e+00 3.62611e-04 3.92230e-04 3.91598e-05 -2.57446e-05
1.23190e+03 1.00000e+00 8.28724e-04 1.00005e-03 7.43763e-05 -1.41524e-05
3.04890e+03 1.00000e+00 5.19620e-08 5.69420e-08 3.52790e-08 -3.06714e-09
1.29860e+03 1.00000e+00 5.80924e-04 6.55570e-04 5.45949e-05 -5.18034e-06
2.71750e+03 1.00000e+00 2.80823e-07 3.16879e-07 1.54861e-07 -1.55076e-08
1.29380e+03 1.00000e+00 6.14048e-04 7.03120e-04 6.13348e-05 -3.25037e-07
1.11080e+03 1.00000e+00 1.89079e-03 2.06750e-03 1.27021e-04 -1.47873e-06
2.52380e+03 1.00000e+00 7.45345e-07 8.31678e-07 3.29314e-07 -3.18800e-09
9.08470e+02 1.00000e+00 6.82507e-03 7.74695e-03 4.09189e-04 -1.72607e-04
1.28380e+03 1.00000e+00 6.62440e-04 7.61368e-04 6.35000e-05 1.28625e-05
1.56920e+03 1.00000e+00 1.28179e-04 1.42576e-04 1.74428e-05 -3.36110e-06
1.33720e+03 1.00000e+00 4.96266e-04 5.30091e-04 4.55173e-05 -4.62806e-07
1.71600e+02 1.00000e+00 1.26424e+01 1.60112e+01 4.60600e-01 -1.29416e-01
8.92400e+02 1.00000e+00 7.75948e-03 8.69496e-03 6.22360e-04 -1.79097e-04
2.74520e+03 1.00000e+00 2.44114e-07 2.59861e-07 1.39316e-07 -1.75510e-08
3.54230e+02 1.00000e+00 7.61733e-01 9.20024e-01 2.86172e-02 -1.21802e-02
1.45330e+03 1.00000e+00 2.39162e-04 2.77158e-04 3.07150e-05 5.86534e-06
1.38900e+03 1.00000e+00 3.61385e-04 3.97538e-04 4.15835e-05 -9.30152e-06
1.89770e+03 1.00000e+00 2.12592e-05 2.33360e-05 4.23950e-06 5.71193e-07
2.42960e+03 1.00000e+00 1.24604e-06 1.38390e-06 4.59985e-07 -2.72799e-08
2.45330e+03 1.00000e+00 1.10120e-06 1.21621e-06 4.18651e-07 1.50686e-09
3.00870e+02 1.00000e+00 1.50122e+00 1.79888e+00 4.94178e-02 1.08357e-02
2.89880e+03 1.00000e+00 1.10361e-07 1.21602e-07 7.41340e-08 -6.50198e-09
6.01890e+02 1.00000e+00 6.67883e-02 7.95192e-02 3.48750e-03 4.43723e-04
3.43170e+03 1.00000e+00 8.65250e-09 9.59510e-09 5.90535e-09 -8.62187e-10
3.03000e+03 1.00000e+00 5.66486e-08 6.43838e-08 3.77476e-08 -3.67154e-09
9.88480e+02 1.00000e+00 4.18379e-03 4.61483e-03 3.18799e-04 2.03115e-05
3.42580e+03 1.00000e+00 9.02352e-09 9.72290e-09 6.22569e-09 -1.30363e-09
1.83400e+03 1.00000e+00 3.06873e-05 3.21486e-05 5.29557e-06 -1.42067e-06
1.53800e+03 1.00000e+00 1.50491e-04 1.74736e-04 1.78384e-05 -6.69995e-06
1.44970e+02 1.00000e+00 2.25353e+01 2.74696e+01 7.90394e-01 6.69554e-01
2.88980e+03 1.00000e+00 1.14764e-07 1.26828e-07 7.86404e-08 -4.32170e-09
9.93010e+02 1.00000e+00 3.99323e-03 4.69128e-03 2.79392e-04 5.54989e-05
9.60600e+02 1.00000e+00 4.83525e-03 5.80123e-03 3.40611e-04 2.02795e-04
3.23630e+03 1.00000e+00 2.18156e-08 2.27276e-08 1.41859e-08 -2.07690e-09
2.83400e+03 1.00000e+00 1.57304e-07 1.70769e-07 9.82789e-08 -4.25552e-09
1.25980e+03 1.00000e+00 7.86081e-04 8.64960e-04 6.73129e-05 6.62890e-07
1.15070e+03 1.00000e+00 1.44132e-03 1.60003e-03 1.24072e-04 -4.48853e-05
1.15850e+03 1.00000e+00 1.41657e-03 1.50572e-03 1.02014e-04 5.13582e-06
7.82710e+02 1.00000e+00 1.64590e-02 1.91375e-02 1.00755e-03 -3.87380e-04
2.31940e+03 1.00000e+00 2.26698e-06 2.45900e-06 7.81348e-07 -3.69222e-08
7.36090e+02 1.00000e+00 2.41964e-02 2.81225e-02 1.48863e-03 3.19192e-04
3.29110e+03 1.00000e+00 1.64677e-08 1.77075e-08 1.04710e-08 -2.62366e-09
2.32440e+03 1.00000e+00 2.14621e-06 2.44362e-06 7.14443e-07 -1.02782e-08
1.01890e+03 1.00000e+00 3.38303e-03 3.92730e-03 2.24170e-04 -1.06879e-04
2.00150e+03 1.00000e+00 1.22717e-05 1.35045e-05 2.71899e-06 -1.24071e-07
9.67660e+02 1.00000e+00 4.51983e-03 5.41305e-03 3.28588e-04 4.55043e-05
1.01940e+03 1.00000e+00 3.40460e-03 3.62676e-03 2.47189e-04 6.59128e-05
2.63980e+03 1.00000e+00 4.11790e-07 4.55092e-07 2.01838e-07 -9.56950e-09
2.28870e+03 1.00000e+00 2.58641e-06 3.02823e-06 8.53045e-07 -1.18187e-07
1.78690e+03 1.00000e+00 3.84411e-05 4.17250e-05 6.73898e-06 -3.17922e-07
3.42300e+02 1.00000e+00 8.66003e-01 1.07057e+00 3.58259e-02 6.20616e-03
8.47900e+02 1.00000e+00 1.04302e-02 1.20613e-02 6.87714e-04 2.06857e-04
3.00790e+03 1.00000e+00 6.27853e-08 7.04804e-08 4.30719e-08 -3.86073e-09
2.66740e+03 1.00000e+00 3.58561e-07 3.96558e-07 1.81186e-07 -8.95759e-09
6.31460e+02 1.00000e+00 5.38837e-02 6.12185e-02 2.75460e-03 -1.84267e-04
1.56410e+03 1.00000e+00 1.35199e-04 1.46851e-04 1.80973e-05 -3.53158e-06
9.07110e+02 1.00000e+00 6.97523e-03 7.77357e-03 4.94172e-04 2.30152e-04
2.99580e+03 1.00000e+00 6.72001e-08 7.41434e-08 4.56050e-08 -6.17206e-09
4.55390e+02 1.00000e+00 2.58885e-01 3.05889e-01 1.01811e-02 -5.97020e-03
2.65360e+03 1.00000e+00 3.81698e-07 4.26290e-07 1.95399e-07 -1.11600e-08
3.01870e+03 1.00000e+00 5.97422e-08 6.71083e-08 3.95315e-08 -5.39631e-09
1.07970e+03 1.00000e+00 2.31672e-03 2.53877e-03 1.68331e-04 -4.40450e-05
2.36400e+03 1.00000e+00 1.73665e-06 1.94939e-06 6.13343e-07 -3.44402e-08
1.64210e+03 1.00000e+00 8.65041e-05 9.70566e-05 1.22007e-05 -6.11926e-07
8.35710e+02 1.00000e+00 1.09926e-02 1.28444e-02 7.50283e-04 2.98936e-04
1.65560e+03 1.00000e+00 8.00340e-05 8.91320e-05 1.22660e-05 -3.02189e-06
2.63200e+03 1.00000e+00 4.27736e-07 4.74650e-07 2.17227e-07 -1.40584e-08
3.13330e+03 1.00000e+00 3.52828e-08 3.78457e-08 2.14042e-08 -2.92565e-09
7.22800e+02 1.00000e+00 2.55341e-02 3.03490e-02 1.65659e-03 -6.51082e-04
3.18740e+03 1.00000e+00 2.66134e-08 2.88330e-08 1.73460e-08 -2.60209e-09
2.20050e+03 1.00000e+00 4.25609e-06 4.57485e-06 1.19105e-06 -1.93415e-07
2.51610e+03 1.00000e+00 7.97286e-07 8.72806e-07 3.21217e-07 -3.22205e-08
2.02990e+03 1.00000e+00 1.03414e-05 1.17576e-05 2.45118e-06 -4.91014e-07
1.32470e+03 1.00000e+00 5.27939e-04 5.81648e-04 4.75072e-05 -1.54605e-05
1.07360e+03 1.00000e+00 2.39421e-03 2.66660e-03 1.91270e-04 1.50226e-05
2.53260e+03 1.00000e+00 7.43152e-07 8.12545e-07 3.24139e-07 -3.16243e-08
1.87730e+03 1.00000e+00 2.30569e-05 2.63138e-05 4.66759e-06 3.61417e-07
1.90250e+03 1.00000e+00 2.04570e-05 2.26540e-05 4.25660e-06 -8.18400e-07
2.89520e+03 1.00000e+00 1.10840e-07 1.23647e-07 7.37744e-08 -5.85225e-09
5.62680e+02 1.00000e+00 9.33724e-02 1.12355e-01 4.66676e-03 3.06739e-03
7.08510e+02 1.00000e+00 2.89345e-02 3.38909e-02 1.50244e-03 -5.93987e-05
2.01210e+03 1.00000e+00 1.12146e-05 1.23749e-05 2.70854e-06 -6.82846e-08
1.09520e+03 1.00000e+00 2.06058e-03 2.39112e-03 1.50413e-04 -2.35314e-05
2.40400e+03 1.00000e+00 1.46062e-06 1.58631e-06 5.04716e-07 -1.82590e-08
2.70790e+03 1.00000e+00 2.89359e-07 3.24804e-07 1.63758e-07 -1.84913e-08
3.41470e+03 1.00000e+00 9.42042e-09 1.03210e-08 6.37874e-09 -1.28331e-09
1.52680e+03 1.00000e+00 1.63924e-04 1.81404e-04 1.86643e-05 -2.37123e-06
1.33940e+03 1.00000e+00 4.62721e-04 5.26640e-04 4.57667e-05 7.41859e-06
1.81870e+03 1.00000e+00 3.28303e-05 3.57652e-05 6.24042e-06 -1.16277e-06
3.08040e+03 1.00000e+00 4.32487e-08 4.93022e-08 2.97570e-08 -3.41443e-09
2.38800e+02 1.00000e+00 3.71480e+00 4.55405e+00 1.16016e-01 -7.42071e-02
1.94220e+03 1.00000e+00 1.65513e-05 1.80980e-05 3.48300e-06 6.06038e-07
3.36510e+03 1.00000e+00 1.17585e-08 1.30254e-08 8.59649e-09 -1.31568e-09
2.44740e+03 1.00000e+00 1.14754e-06 1.22576e-06 4.54752e-07 9.88644e-09
1.18380e+03 1.00000e+00 1.18727e-03 1.31631e-03 9.99303e-05 -2.38336e-05
5.88710e+02 1.00000e+00 7.55893e-02 8.95386e-02 3.66232e-03 -9.65706e-04
1.42650e+03 1.00000e+00 2.91090e-04 3.25320e-04 3.44325e-05 -3.21598e-06
8.42330e+02 1.00000e+00 1.10831e-02 1.26414e-02 8.02246e-04 9.78987e-05
1.63120e+03 1.00000e+00 8.99656e-05 9.98332e-05 1.18587e-05 1.97255e-06
1.54470e+03 1.00000e+00 1.44268e-04 1.63462e-04 1.91580e-05 -6.01891e-06
2.89820e+03 1.00000e+00 1.07424e-07 1.22902e-07 7.23846e-08 -5.71924e-09
2.02330e+03 1.00000e+00 1.08332e-05 1.20225e-05 2.52469e-06 -4.84542e-08
6.46300e+02 1.00000e+00 4.76141e-02 5.44943e-02 2.10471e-03 -8.96221e-04
2.92150e+03 1.00000e+00 9.55638e-08 1.06001e-07 6.48299e-08 -5.63962e-09
1.46920e+03 1.00000e+00 2.23577e-04 2.47409e-04 2.47911e-05 -3.10441e-06
3.21280e+03 1.00000e+00 2.33657e-08 2.58717e-08 1.58327e-08 -2.75320e-09
1.12020e+03 1.00000e+00 1.75994e-03 2.07828e-03 1.48940e-04 4.28773e-06
3.23430e+03 1.00000e+00 2.13125e-08 2.39740e-08 1.33937e-08 -1.19904e-09
1.93770e+03 1.00000e+00 1.75248e-05 1.92681e-05 3.47370e-06 1.48956e-08
1.72180e+03 1.00000e+00 5.49489e-05 6.19694e-05 8.68487e-06 -1.20448e-06
2.78320e+03 1.00000e+00 1.97754e-07 2.20454e-07 1.17753e-07 -8.34469e-09
1.39800e+03 1.00000e+00 3.56632e-04 3.82440e-04 3.77517e-05 -3.90161e-06
2.92000e+03 1.00000e+00 9.99744e-08 1.09799e-07 6.87591e-08 -5.35758e-09
2.19150e+03 1.00000e+00 4.50752e-06 4.86557e-06 1.16533e-06 -2.56906e-08
1.70390e+03 1.00000e+00 5.98214e-05 6.70608e-05 9.59956e-06 -1.30900e-06
2.77600e+02 1.00000e+00 2.07590e+00 2.55939e+00 6.50659e-02 -5.42407e-03
5.31290e+02 1.00000e+00 1.22697e-01 1.47499e-01 6.65077e-03 -1.19347e-03
1.83980e+03 1.00000e+00 2.85437e-05 3.20133e-05 5.58673e-06 -8.26311e-07
4.19260e+02 1.00000e+00 3.77115e-01 4.46264e-01 1.34084e-02 -1.16049e-02
2.96450e+03 1.00000e+00 7.99040e-08 8.70554e-08 5.35859e-08 -6.96088e-09
1.32670e+03 1.00000e+00 4.96859e-04 5.81030e-04 4.75380e-05 1.79070e-06
2.77320e+03 1.00000e+00 2.12039e-07 2.33918e-07 1.16671e-07 -1.44899e-08
8.30530e+02 1.00000e+00 1.17258e-02 1.37072e-02 8.02413e-04 2.70304e-04
2.23160e+03 1.00000e+00 3.51975e-06 3.95530e-06 1.08207e-06 -4.01480e-08
5.38970e+02 1.00000e+00 1.18133e-01 1.41720e-01 5.44088e-03 -3.49583e-03
3.48730e+03 1.00000e+00 6.67940e-09 7.38687e-09 5.14607e-09 -8.59892e-10
1.25830e+03 1.00000e+00 7.62007e-04 8.48903e-04 6.74430e-05 -2.85677e-06
1.97740e+03 1.00000e+00 1.38285e-05 1.54625e-05 3.01088e-06 -2.65101e-07
3.51470e+02 1.00000e+00 7.93406e-01 9.68676e-01 2.90784e-02 2.01531e-03
8.49780e+02 1.00000e+00 9.82910e-03 1.16721e-02 6.57122e-04 -2.19155e-04
1.49070e+03 1.00000e+00 2.06427e-04 2.22967e-04 2.31028e-05 -2.50670e-06
2.44490e+03 1.00000e+00 1.11505e-06 1.25549e-06 4.28721e-07 -5.06797e-08
2.95730e+03 1.00000e+00 8.11463e-08 8.78872e-08 5.62993e-08 -6.18493e-09
2.03410e+03 1.00000e+00 1.02884e-05 1.10730e-05 2.39938e-06 1.93767e-07
2.05820e+03 1.00000e+00 8.97516e-06 9.83592e-06 2.25306e-06 4.22489e-08
9.91730e+02 1.00000e+00 3.96172e-03 4.53735e-03 2.73753e-04 -1.16314e-04
3.40980e+03 1.00000e+00 9.79314e-09 1.02186e-08 7.00490e-09 -1.29721e-09
1.00480e+03 1.00000e+00 3.79605e-03 4.14634e-03 2.94948e-04 3.96933e-05
1.88020e+03 1.00000e+00 2.31827e-05 2.52249e-05 4.72732e-06 2.97818e-07
2.48260e+03 1.00000e+00 9.42330e-07 1.06278e-06 3.86025e-07 -3.75833e-08
2.76640e+02 1.00000e+00 2.14730e+00 2.55425e+00 8.06249e-02 4.45829e-02
2.63020e+03 1.00000e+00 4.23661e-07 4.79075e-07 2.07718e-07 -1.35611e-08
2.04480e+03 1.00000e+00 9.78524e-06 1.07893e-05 2.16477e-06 -5.73587e-07
1.62710e+03 1.00000e+00 9.22964e-05 1.05575e-04 1.27045e-05 7.17908e-07
2.41700e+03 1.00000e+00 1.29788e-06 1.50245e-06 4.96824e-07 -2.89701e-08
3.29870e+03 1.00000e+00 1.61577e-08 1.78128e-08 1.04998e-08 -1.43481e-09
2.66400e+03 1.00000e+00 3.56948e-07 4.09790e-07 1.91198e-07 -9.12875e-10
1.27810e+03 1.00000e+00 7.06260e-04 7.68878e-04 6.42934e-05 -4.15269e-06
1.30790e+03 1.00000e+00 5.66102e-04 6.31219e-04 5.24071e-05 -1.93820e-05
2.97650e+03 1.00000e+00 7.42567e-08 8.32618e-08 4.85767e-08 -5.73852e-09
3.35380e+03 1.00000e+00 1.24868e-08 1.30793e-08 8.62378e-09 -1.57363e-09
6.18310e+02 1.00000e+00 5.86027e-02 6.97302e-02 3.00530e-03 -7.04977e-04
3.15850e+02 1.00000e+00 1.22045e+00 1.50815e+00 3.74620e-02 -4.02578e-02
1.25320e+03 1.00000e+00 7.85095e-04 8.86906e-04 7.14171e-05 7.90893e-06
2.24260e+03 1.00000e+00 3.38221e-06 3.70580e-06 1.01153e-06 4.85876e-08
3.03790e+03 1.00000e+00 5.70436e-08 5.92745e-08 3.73403e-08 -4.09549e-09
3.77470e+02 1.00000e+00 5.83373e-01 6.93705e-01 2.37053e-02 4.59030e-03
1.56250e+03 1.00000e+00 1.31145e-04 1.45049e-04 1.75805e-05 2.13473e-06
1.01200e+03 1.00000e+00 3.41316e-03 4.06850e-03 2.53648e-04 -5.11884e-05
2.71520e+03 1.00000e+00 2.75326e-07 3.18094e-07 1.57590e-07 5.70184e-10
2.05080e+03 1.00000e+00 9.09370e-06 1.04850e-05 2.21740e-06 -1.72125e-07
3.93580e+02 1.00000e+00 5.04496e-01 5.91142e-01 1.97096e-02 -5.69105e-03
2.34650e+03 1.00000e+00 1.91237e-06 2.13308e-06 6.35318e-07 -6.39249e-08
1.72210e+03 1.00000e+00 5.50802e-05 6.28268e-05 8.29339e-06 -3.82444e-07
1.80870e+03 1.00000e+00 3.38879e-05 3.91503e-05 6.09807e-06 2.97912e-07
2.40880e+03 1.00000e+00 1.39844e-06 1.54086e-06 4.95226e-07 -2.54285e-08
2.73330e+03 1.00000e+00 2.65430e-07 2.88981e-07 1.39680e-07 -9.90196e-09
2.21210e+03 1.00000e+00 3.86320e-06 4.44732e-06 1.18611e-06 2.35965e-10
2.48520e+03 1.00000e+00 9.41275e-07 1.04306e-06 3.51178e-07 -4.61276e-08
5.60520e+02 1.00000e+00 9.57453e-02 1.12435e-01 4.22075e-03 -5.24172e-03
2.26070e+02 1.00000e+00 4.52168e+00 5.60203e+00 1.69073e-01 -9.30647e-02
1.09490e+03 1.00000e+00 2.06850e-03 2.32406e-03 1.76984e-04 -9.65955e-05
1.19050e+03 1.00000e+00 1.14055e-03 1.32346e-03 9.77176e-05 -4.76278e-05
3.02700e+03 1.00000e+00 5.71969e-08 6.53907e-08 3.59175e-08 -2.13583e-09
1.64710e+03 1.00000e+00 8.19515e-05 9.15795e-05 1.16858e-05 -6.42324e-07
3.66610e+02 1.00000e+00 6.76007e-01 7.99955e-01 2.51845e-02 1.87551e-02
1.86000e+03 1.00000e+00 2.59036e-05 2.96998e-05 5.01689e-06 -2.63082e-07
7.06920e+02 1.00000e+00 2.91828e-02 3.50374e-02 1.62637e-03 1.08361e-03
3.43660e+03 1.00000e+00 8.40991e-09 9.23887e-09 5.84529e-09 -9.58746e-10
2.87460e+03 1.00000e+00 1.28899e-07 1.39437e-07 8.14808e-08 -8.90078e-09
9.63210e+02 1.00000e+00 4.70598e-03 5.56152e-03 3.55947e-04 7.50137e-05
7.15260e+02 1.00000e+00 2.67880e-02 3.18310e-02 1.54617e-03 -1.93623e-04
1.55050e+03 1.00000e+00 1.38711e-04 1.59385e-04 1.86464e-05 -1.08202e-06
2.73160e+03 1.00000e+00 2.60349e-07 2.78790e-07 1.43774e-07 -6.06447e-09
9.35410e+02 1.00000e+00 5.44449e-03 6.61053e-03 3.71509e-04 1.55383e-04
8.15130e+02 1.00000e+00 1.36027e-02 1.49125e-02 8.45405e-04 -7.20702e-05
2.32310e+03 1.00000e+00 2.16984e-06 2.42349e-06 7.12603e-07 -3.62407e-08
3.26050e+03 1.00000e+00 1.86554e-08 2.10483e-08 1.22538e-08 -1.76643e-09
1.07810e+03 1.00000e+00 2.29131e-03 2.70269e-03 1.66729e-04 -2.35699e-05
3.39760e+03 1.00000e+00 1.00830e-08 1.14002e-08 7.02892e-09 -1.21972e-09
2.39440e+02 1.00000e+00 3.64650e+00 4.49466e+00 1.13354e-01 1.58424e-02
2.28930e+03 1.00000e+00 2.59709e-06 2.98187e-06 8.81168e-07 -1.09068e-07
6.06460e+02 1.00000e+00 6.59492e-02 7.86749e-02 2.68075e-03 -1.16209e-03
2.35160e+03 1.00000e+00 1.85971e-06 2.04842e-06 6.27702e-07 -5.31913e-08
3.48440e+03 1.00000e+00 6.74458e-09 7.49015e-09 4.92669e-09 -1.18530e-09
3.27480e+03 1.00000e+00 1.73470e-08 1.95099e-08 1.18792e-08 -1.62979e-09
6.04930e+02 1.00000e+00 6.77832e-02 7.83091e-02 3.05522e-03 -2.89399e-03
3.25120e+03 1.00000e+00 2.00119e-08 2.19243e-08 1.30426e-08 -1.56925e-09
1.32710e+03 1.00000e+00 4.94721e-04 5.93533e-04 4.41818e-05 -5.82927e-06
4.33580e+02 1.00000e+00 3.22659e-01 3.84835e-01 1.44897e-02 3.96063e-03
2.45230e+03 1.00000e+00 1.11602e-06 1.25217e-06 4.16668e-07 -1.80872e-08
1.00980e+03 1.00000e+00 3.58915e-03 4.02695e-03 2.41587e-04 -7.34683e-05
1.07630e+03 1.00000e+00 2.27505e-03 2.62972e-03 1.52005e-04 8.00216e-05
2.79300e+03 1.00000e+00 1.90054e-07 2.13630e-07 1.15467e-07 -1.20879e-08
1.54540e+03 1.00000e+00 1.45183e-04 1.65126e-04 1.79568e-05 -4.96872e-06
1.18710e+03 1.00000e+00 1.12947e-03 1.33483e-03 1.17949e-04 8.96151e-07
4.86350e+02 1.00000e+00 1.87851e-01 2.24353e-01 7.35239e-03 -1.76990e-03
9.72430e+02 1.00000e+00 4.50197e-03 5.21585e-03 2.99698e-04 -7.85790e-05
1.45760e+03 1.00000e+00 2.46279e-04 2.66871e-04 2.67388e-05 -2.57267e-07
3.48100e+03 1.00000e+00 6.76009e-09 7.72209e-09 5.37761e-09 -9.65640e-10
6.99610e+02 1.00000e+00 2.92784e-02 3.63782e-02 1.81277e-03 -1.13191e-03
1.59400e+03 1.00000e+00 1.10597e-04 1.24171e-04 1.41677e-05 -8.79218e-08
1.67530e+03 1.00000e+00 7.19615e-05 7.87424e-05 1.14248e-05 -1.02768e-06
2.19740e+03 1.00000e+00 4.22672e-06 4.72572e-06 1.22518e-06 -4.18993e-08
1.97220e+03 1.00000e+00 1.42377e-05 1.55217e-05 2.95350e-06 2.76343e-07
3.14290e+03 1.00000e+00 3.29089e-08 3.57430e-08 2.02455e-08 -3.73565e-09
4.61470e+02 1.00000e+00 2.43641e-01 2.89526e-01 1.01094e-02 -1.19459e-03
2.40310e+03 1.00000e+00 1.40588e-06 1.55879e-06 5.08228e-07 -1.17558e-08
6.88400e+02 1.00000e+00 3.39761e-02 3.89730e-02 1.67837e-03 3.51774e-04
1.15230e+03 1.00000e+00 1.45143e-03 1.64837e-03 1.08340e-04 -1.54672e-05
2.49330e+03 1.00000e+00 8.91142e-07 9.88678e-07 3.88033e-07 -4.03956e-08
2.96460e+03 1.00000e+00 7.84299e-08 8.65775e-08 5.37810e-08 -4.73583e-09
1.35080e+03 1.00000e+00 4.35070e-04 5.10599e-04 3.94915e-05 -9.13065e-06
1.88260e+03 1.00000e+00 2.18456e-05 2.49687e-05 4.18687e-06 -6.17590e-07
4.53880e+02 1.00000e+00 2.63213e-01 3.15951e-01 9.79648e-03 -1.49639e-04
2.74730e+03 1.00000e+00 2.37258e-07 2.57830e-07 1.32169e-07 -3.18780e-09
3.16480e+03 1.00000e+00 2.94580e-08 3.32940e-08 1.95510e-08 -2.41454e-09
3.37250e+03 1.00000e+00 1.12560e-08 1.25021e-08 8.09345e-09 -1.31749e-09
2.65860e+03 1.00000e+00 3.85239e-07 4.33443e-07 1.81476e-07 -3.43016e-09
7.95450e+02 1.00000e+00 1.61579e-02 1.78158e-02 9.91321e-04 -4.80008e-05
3.26190e+03 1.00000e+00 1.88974e-08 2.06975e-08 1.26343e-08 -1.96582e-09
9.78470e+02 1.00000e+00 4.38505e-03 5.02234e-03 2.70002e-04 -2.04891e-04
2.66580e+03 1.00000e+00 3.65218e-07 3.84083e-07 1.75295e-07 -2.02124e-08
2.14510e+03 1.00000e+00 5.54372e-06 6.12860e-06 1.49754e-06 -2.56236e-07
2.00160e+03 1.00000e+00 1.20053e-05 1.31428e-05 2.81833e-06 -9.75301e-08
7.94000e+02 1.00000e+00 1.50286e-02 1.72978e-02 9.78303e-04 2.77795e-04
1.32930e+03 1.00000e+00 4.95823e-04 5.88716e-04 5.00424e-05 -1.59039e-06
2.44180e+03 1.00000e+00 1.16591e-06 1.30412e-06 4.54788e-07 2.62736e-10
2.54800e+03 1.00000e+00 6.90823e-07 7.38478e-07 3.12408e-07 -6.13051e-09
2.34690e+03 1.00000e+00 1.91923e-06 2.11997e-06 6.50760e-07 -9.59125e-08
2.29210e+03 1.00000e+00 2.63080e-06 2.84648e-06 7.80744e-07 -2.83043e-09
2.55760e+03 1.00000e+00 6.52350e-07 7.11610e-07 2.72307e-07 -7.22629e-09
2.84190e+03 1.00000e+00 1.47718e-07 1.59043e-07 9.11474e-08 -7.20034e-09
2.71960e+03 1.00000e+00 2.71404e-07 3.00233e-07 1.48623e-07 -6.85837e-09
6.51660e+02 1.00000e+00 4.53864e-02 5.31860e-02 2.29482e-03 4.55584e-04
1.39410e+03 1.00000e+00 3.47467e-04 3.89059e-04 3.69287e-05 4.51762e-06
1.00530e+03 1.00000e+00 3.53195e-03 4.21261e-03 2.74944e-04 -7.75725e-05
7.32690e+02 1.00000e+00 2.38310e-02 2.84008e-02 1.37611e-03 -2.73550e-04
1.13350e+03 1.00000e+00 1.60129e-03 1.86848e-03 1.26506e-04 1.66022e-05
8.28370e+02 1.00000e+00 1.18890e-02 1.35443e-02 8.94972e-04 4.21143e-04
1.76230e+03 1.00000e+00 4.42064e-05 5.00314e-05 7.69998e-06 -1.75609e-06
1.75230e+03 1.00000e+00 4.57719e-05 5.18650e-05 8.08912e-06 -4.63221e-08
9.89250e+02 1.00000e+00 4.02358e-03 4.68916e-03 2.94231e-04 -1.88259e-04
6.19510e+02 1.00000e+00 5.90632e-02 6.78539e-02 2.54485e-03 -9.25656e-04
7.62250e+02 1.00000e+00 1.93216e-02 2.09710e-02 1.10449e-03 -4.89509e-04
2.89910e+03 1.00000e+00 1.05543e-07 1.20475e-07 7.23212e-08 -8.30311e-09
2.22150e+03 1.00000e+00 3.70392e-06 4.17327e-06 1.09057e-06 -3.07160e-11
