masses    LO_data    NLO_data
1.40000e+02 6.85054e+01 8.74456e+01
2.20000e+02 1.32579e+01 1.63198e+01
3.20000e+02 3.01360e+00 3.66973e+00
1.40000e+02 6.87451e+01 8.74130e+01
2.20000e+02 1.31319e+01 1.63367e+01
3.20000e+02 3.11207e+00 3.64169e+00
1.40000e+02 6.78202e+01 8.62984e+01
2.00000e+02 1.89919e+01 2.32242e+01
3.20000e+02 3.05345e+00 3.61429e+00
1.40000e+02 6.83446e+01 8.77465e+01
1.80000e+02 2.79361e+01 3.42582e+01
3.20000e+02 3.07879e+00 3.63457e+00
1.40000e+02 6.87949e+01 8.77511e+01
2.00000e+02 1.91304e+01 2.30629e+01
3.20000e+02 3.08598e+00 3.69160e+00
4.00000e+02 1.18572e+00 1.40135e+00
1.40000e+02 6.79298e+01 8.59021e+01
2.00000e+02 1.88060e+01 2.29650e+01
3.20000e+02 3.03323e+00 3.63907e+00
1.40000e+02 6.89177e+01 8.78055e+01
2.00000e+02 1.89791e+01 2.33205e+01
3.20000e+02 3.05805e+00 3.63556e+00
4.00000e+02 1.18257e+00 1.40129e+00
6.00000e+01 1.36031e+03 1.77014e+03
2.20000e+02 1.32405e+01 1.62665e+01
3.20000e+02 3.04626e+00 3.72875e+00
1.00000e+02 2.20370e+02 2.77690e+02
2.20000e+02 1.33068e+01 1.62801e+01
3.20000e+02 3.06983e+00 3.59830e+00
8.00000e+01 4.78125e+02 6.40227e+02
2.20000e+02 1.31411e+01 1.62004e+01
3.20000e+02 3.03802e+00 3.71129e+00
1.00000e+02 2.25015e+02 2.83947e+02
2.20000e+02 1.33538e+01 1.62749e+01
3.20000e+02 3.01768e+00 3.72876e+00
8.00000e+01 4.89182e+02 6.19274e+02
2.20000e+02 1.31953e+01 1.61429e+01
3.20000e+02 3.03219e+00 3.63265e+00
1.00000e+02 2.17785e+02 2.78741e+02
2.20000e+02 1.31310e+01 1.62292e+01
3.20000e+02 3.10563e+00 3.61213e+00
1.00000e+02 2.24452e+02 2.82493e+02
1.60000e+02 4.18384e+01 5.36042e+01
2.80000e+02 5.25166e+00 6.28889e+00
3.80000e+02 1.46419e+00 1.76991e+00
8.00000e+01 4.72740e+02 6.24279e+02
1.80000e+02 2.86527e+01 3.42123e+01
3.00000e+02 3.98574e+00 4.73282e+00
4.00000e+02 1.17339e+00 1.40945e+00
6.00000e+01 1.36985e+03 1.77128e+03
1.80000e+02 2.75365e+01 3.48372e+01
3.00000e+02 3.95403e+00 4.71813e+00
4.00000e+02 1.17849e+00 1.41084e+00
6.00000e+01 1.32932e+03 1.82665e+03
1.80000e+02 2.78310e+01 3.41660e+01
2.60000e+02 7.02422e+00 8.43241e+00
3.60000e+02 1.85862e+00 2.23231e+00
6.00000e+01 1.38759e+03 1.76110e+03
1.80000e+02 2.79900e+01 3.43062e+01
2.60000e+02 7.00172e+00 8.51831e+00
3.60000e+02 1.84326e+00 2.22199e+00
8.00000e+01 4.76457e+02 6.24033e+02
1.80000e+02 2.81492e+01 3.45578e+01
2.60000e+02 6.92323e+00 8.41308e+00
3.60000e+02 1.85375e+00 2.23122e+00
1.00000e+02 2.22258e+02 2.84932e+02
2.20000e+02 1.36173e+01 1.61018e+01
3.20000e+02 3.07434e+00 3.63985e+00
8.00000e+01 4.80916e+02 6.19970e+02
2.00000e+02 1.89298e+01 2.32355e+01
2.80000e+02 5.25600e+00 6.26231e+00
3.60000e+02 1.87086e+00 2.21370e+00
1.00000e+02 2.21650e+02 2.78365e+02
2.00000e+02 1.88033e+01 2.36938e+01
2.80000e+02 5.25384e+00 6.35321e+00
3.60000e+02 1.85763e+00 2.23754e+00
8.00000e+01 4.89291e+02 6.11804e+02
2.00000e+02 1.90817e+01 2.33447e+01
2.80000e+02 5.22623e+00 6.23824e+00
3.60000e+02 1.90018e+00 2.23090e+00
1.20000e+02 1.19374e+02 1.48327e+02
2.20000e+02 1.34582e+01 1.63981e+01
3.20000e+02 3.04547e+00 3.61129e+00
1.00000e+02 2.22676e+02 2.78350e+02
2.20000e+02 1.34324e+01 1.62190e+01
3.20000e+02 3.02466e+00 3.64223e+00
1.20000e+02 1.14600e+02 1.50844e+02
2.20000e+02 1.33444e+01 1.61578e+01
3.20000e+02 3.04622e+00 3.70651e+00
1.20000e+02 1.19661e+02 1.47930e+02
2.40000e+02 9.63551e+00 1.16024e+01
3.40000e+02 2.39971e+00 2.85358e+00
1.20000e+02 1.18193e+02 1.49608e+02
2.40000e+02 9.45643e+00 1.16733e+01
3.40000e+02 2.37023e+00 2.83094e+00
8.00000e+01 4.72632e+02 6.06948e+02
2.40000e+02 9.64634e+00 1.16406e+01
3.20000e+02 3.05582e+00 3.68933e+00
1.20000e+02 1.18138e+02 1.51232e+02
2.40000e+02 9.46807e+00 1.15533e+01
3.40000e+02 2.37736e+00 2.82791e+00
8.00000e+01 4.76829e+02 6.18900e+02
2.40000e+02 9.48593e+00 1.13939e+01
3.40000e+02 2.38960e+00 2.85374e+00
1.20000e+02 1.17006e+02 1.46317e+02
2.40000e+02 9.51084e+00 1.16948e+01
3.40000e+02 2.37936e+00 2.78920e+00
1.20000e+02 1.18778e+02 1.47281e+02
2.40000e+02 9.48775e+00 1.15415e+01
3.20000e+02 3.01569e+00 3.62786e+00
1.00000e+02 2.18939e+02 2.81806e+02
2.40000e+02 9.66504e+00 1.14887e+01
3.40000e+02 2.38306e+00 2.82718e+00
1.00000e+02 2.20926e+02 2.81354e+02
2.40000e+02 9.64645e+00 1.15607e+01
3.40000e+02 2.36757e+00 2.85122e+00
1.20000e+02 1.17040e+02 1.49455e+02
1.60000e+02 4.16854e+01 5.29069e+01
2.60000e+02 7.04278e+00 8.37745e+00
3.80000e+02 1.46310e+00 1.76191e+00
8.00000e+01 4.72327e+02 6.22633e+02
1.80000e+02 2.80967e+01 3.38841e+01
2.80000e+02 5.30462e+00 6.40048e+00
3.80000e+02 1.45940e+00 1.77653e+00
1.00000e+02 2.23516e+02 2.82168e+02
2.00000e+02 1.91822e+01 2.34952e+01
3.00000e+02 3.91283e+00 4.81890e+00
4.00000e+02 1.19145e+00 1.40332e+00
1.00000e+02 2.21294e+02 2.80923e+02
2.20000e+02 1.33895e+01 1.62650e+01
3.00000e+02 3.95720e+00 4.78259e+00
4.00000e+02 1.19168e+00 1.42007e+00
1.40000e+02 6.91719e+01 8.53982e+01
1.60000e+02 4.21268e+01 5.28345e+01
2.60000e+02 6.98523e+00 8.41885e+00
3.40000e+02 2.38099e+00 2.81990e+00
1.40000e+02 6.84391e+01 8.68996e+01
2.20000e+02 1.32615e+01 1.63469e+01
3.00000e+02 4.00318e+00 4.76637e+00
4.00000e+02 1.18326e+00 1.38815e+00
1.20000e+02 1.19288e+02 1.49053e+02
2.00000e+02 1.89173e+01 2.33245e+01
3.00000e+02 3.95644e+00 4.80325e+00
4.00000e+02 1.17791e+00 1.41094e+00
1.20000e+02 1.18008e+02 1.50404e+02
2.00000e+02 1.92272e+01 2.32136e+01
3.00000e+02 3.98449e+00 4.71213e+00
4.00000e+02 1.19280e+00 1.42144e+00
1.20000e+02 1.18408e+02 1.48459e+02
2.00000e+02 1.87541e+01 2.36956e+01
3.00000e+02 3.93341e+00 4.75349e+00
4.00000e+02 1.15071e+00 1.41890e+00
1.00000e+02 2.21330e+02 2.82811e+02
2.00000e+02 1.87247e+01 2.34961e+01
3.00000e+02 4.00745e+00 4.78715e+00
4.00000e+02 1.18566e+00 1.41899e+00
1.40000e+02 6.95870e+01 8.64198e+01
1.40000e+02 6.93513e+01 8.71567e+01
2.40000e+02 9.44401e+00 1.17320e+01
3.40000e+02 2.35775e+00 2.85974e+00
1.20000e+02 1.20740e+02 1.50881e+02
1.60000e+02 4.33661e+01 5.32480e+01
2.40000e+02 9.42739e+00 1.17049e+01
3.40000e+02 2.32826e+00 2.83645e+00
6.00000e+01 1.34324e+03 1.81817e+03
1.40000e+02 6.89355e+01 8.69117e+01
2.40000e+02 9.69009e+00 1.15410e+01
3.40000e+02 2.34394e+00 2.82354e+00
1.00000e+02 2.22135e+02 2.84881e+02
1.60000e+02 4.30779e+01 5.35314e+01
2.60000e+02 6.92379e+00 8.52603e+00
3.60000e+02 1.83372e+00 2.22901e+00
1.20000e+02 1.18288e+02 1.48830e+02
1.60000e+02 4.35985e+01 5.46877e+01
2.60000e+02 6.97026e+00 8.55245e+00
3.60000e+02 1.85878e+00 2.20131e+00
6.00000e+01 1.38246e+03 1.78930e+03
1.60000e+02 4.25512e+01 5.32808e+01
2.60000e+02 6.95889e+00 8.48976e+00
3.40000e+02 2.34552e+00 2.88784e+00
1.00000e+02 2.17823e+02 2.90605e+02
1.60000e+02 4.26306e+01 5.48128e+01
2.60000e+02 6.98818e+00 8.41579e+00
3.60000e+02 1.85981e+00 2.26981e+00
6.00000e+01 1.40774e+03 1.79933e+03
1.80000e+02 2.79563e+01 3.41641e+01
2.60000e+02 6.87225e+00 8.41171e+00
3.60000e+02 1.85010e+00 2.23643e+00
6.00000e+01 1.34804e+03 1.83108e+03
1.80000e+02 2.85709e+01 3.49411e+01
2.60000e+02 7.01064e+00 8.43892e+00
3.60000e+02 1.87166e+00 2.21794e+00
6.00000e+01 1.33781e+03 1.78683e+03
1.80000e+02 2.78002e+01 3.45840e+01
2.80000e+02 5.33279e+00 6.32178e+00
3.60000e+02 1.88242e+00 2.20709e+00
1.40000e+02 6.89914e+01 8.67706e+01
1.60000e+02 4.28375e+01 5.31476e+01
2.60000e+02 6.94915e+00 8.66485e+00
3.60000e+02 1.87662e+00 2.25155e+00
8.00000e+01 4.77770e+02 6.16314e+02
1.80000e+02 2.78248e+01 3.51843e+01
3.00000e+02 3.89951e+00 4.79906e+00
3.80000e+02 1.46581e+00 1.74398e+00
8.00000e+01 4.71243e+02 6.11430e+02
1.80000e+02 2.73903e+01 3.47442e+01
3.00000e+02 3.99799e+00 4.72121e+00
3.80000e+02 1.49372e+00 1.77049e+00
1.20000e+02 1.18991e+02 1.48279e+02
2.00000e+02 1.85285e+01 2.33517e+01
3.00000e+02 3.99693e+00 4.68132e+00
3.80000e+02 1.48196e+00 1.74799e+00
1.20000e+02 1.16983e+02 1.48678e+02
2.00000e+02 1.90031e+01 2.30410e+01
2.80000e+02 5.20201e+00 6.30439e+00
3.80000e+02 1.46870e+00 1.79452e+00
1.00000e+02 2.28887e+02 2.84854e+02
1.60000e+02 4.28352e+01 5.27108e+01
2.60000e+02 6.97206e+00 8.44576e+00
3.60000e+02 1.87255e+00 2.19473e+00
1.00000e+02 2.19682e+02 2.85699e+02
1.60000e+02 4.23210e+01 5.28045e+01
2.80000e+02 5.19313e+00 6.25723e+00
3.80000e+02 1.48050e+00 1.74737e+00
1.20000e+02 1.17889e+02 1.48038e+02
1.60000e+02 4.20328e+01 5.27221e+01
2.60000e+02 6.99180e+00 8.51590e+00
3.80000e+02 1.49020e+00 1.75664e+00
8.00000e+01 4.78852e+02 6.29112e+02
1.60000e+02 4.24917e+01 5.35173e+01
2.80000e+02 5.26661e+00 6.26628e+00
3.80000e+02 1.47950e+00 1.75127e+00
1.40000e+02 6.98325e+01 8.73768e+01
1.60000e+02 4.28190e+01 5.27087e+01
2.60000e+02 7.16329e+00 8.34283e+00
3.60000e+02 1.86388e+00 2.22068e+00
8.00000e+01 4.67345e+02 6.07108e+02
1.60000e+02 4.22493e+01 5.39632e+01
2.60000e+02 7.05027e+00 8.59711e+00
3.80000e+02 1.47762e+00 1.76589e+00
8.00000e+01 4.74614e+02 6.32547e+02
1.40000e+02 6.85705e+01 8.58103e+01
2.40000e+02 9.40943e+00 1.17243e+01
3.60000e+02 1.83432e+00 2.20703e+00
1.20000e+02 1.16559e+02 1.49320e+02
1.60000e+02 4.21547e+01 5.25248e+01
2.80000e+02 5.23420e+00 6.29253e+00
3.80000e+02 1.47798e+00 1.74728e+00
1.00000e+02 2.22600e+02 2.80628e+02
1.80000e+02 2.80359e+01 3.45444e+01
3.00000e+02 3.87755e+00 4.77999e+00
3.80000e+02 1.46199e+00 1.76313e+00
6.00000e+01 1.33740e+03 1.79924e+03
1.60000e+02 4.35530e+01 5.30562e+01
2.60000e+02 6.98906e+00 8.42397e+00
3.60000e+02 1.82122e+00 2.19011e+00
8.00000e+01 4.73094e+02 6.25651e+02
2.00000e+02 1.92183e+01 2.31270e+01
3.00000e+02 3.97078e+00 4.83060e+00
3.80000e+02 1.46203e+00 1.75676e+00
8.00000e+01 4.69447e+02 6.27358e+02
1.80000e+02 2.77352e+01 3.44792e+01
2.80000e+02 5.28241e+00 6.28226e+00
3.80000e+02 1.45541e+00 1.75219e+00
8.00000e+01 4.79072e+02 6.20169e+02
2.00000e+02 1.87130e+01 2.30971e+01
3.00000e+02 3.96845e+00 4.74025e+00
3.80000e+02 1.48447e+00 1.75026e+00
8.00000e+01 4.82891e+02 6.15963e+02
1.60000e+02 4.24354e+01 5.30539e+01
2.60000e+02 6.99519e+00 8.50840e+00
3.40000e+02 2.34587e+00 2.85382e+00
1.40000e+02 6.81113e+01 8.58822e+01
1.60000e+02 4.28897e+01 5.33692e+01
2.60000e+02 7.02645e+00 8.53552e+00
3.60000e+02 1.83687e+00 2.23743e+00
8.00000e+01 4.72741e+02 6.20942e+02
2.20000e+02 1.32704e+01 1.61736e+01
3.00000e+02 3.98850e+00 4.75447e+00
4.00000e+02 1.18620e+00 1.39113e+00
6.00000e+01 1.36519e+03 1.79132e+03
2.20000e+02 1.31116e+01 1.58592e+01
3.00000e+02 3.96882e+00 4.78369e+00
3.80000e+02 1.46202e+00 1.75896e+00
6.00000e+01 1.37660e+03 1.81705e+03
2.20000e+02 1.30901e+01 1.62877e+01
3.20000e+02 3.04749e+00 3.67725e+00
4.00000e+02 1.21404e+00 1.39502e+00
6.00000e+01 1.36551e+03 1.76659e+03
2.20000e+02 1.29996e+01 1.58956e+01
3.00000e+02 3.94900e+00 4.74977e+00
4.00000e+02 1.18128e+00 1.40096e+00
1.40000e+02 6.87477e+01 8.53736e+01
1.60000e+02 4.22220e+01 5.33525e+01
2.60000e+02 7.00649e+00 8.54179e+00
3.80000e+02 1.48075e+00 1.73655e+00
6.00000e+01 1.35599e+03 1.82559e+03
2.20000e+02 1.33999e+01 1.62992e+01
3.20000e+02 3.02021e+00 3.65238e+00
4.00000e+02 1.17784e+00 1.42860e+00
1.40000e+02 6.83942e+01 8.60207e+01
2.20000e+02 1.31974e+01 1.57824e+01
3.00000e+02 4.00940e+00 4.80079e+00
4.00000e+02 1.19076e+00 1.42252e+00
1.40000e+02 6.85489e+01 8.64824e+01
2.20000e+02 1.32348e+01 1.60311e+01
3.00000e+02 3.93877e+00 4.80632e+00
4.00000e+02 1.16997e+00 1.37574e+00
1.00000e+02 2.21031e+02 2.87941e+02
2.20000e+02 1.32813e+01 1.64494e+01
3.20000e+02 3.00467e+00 3.65568e+00
4.00000e+02 1.18161e+00 1.39874e+00
6.00000e+01 1.35841e+03 1.79693e+03
1.60000e+02 4.29801e+01 5.34539e+01
2.60000e+02 6.94746e+00 8.38642e+00
3.80000e+02 1.46721e+00 1.72662e+00
1.40000e+02 6.86803e+01 8.58000e+01
2.00000e+02 1.86409e+01 2.31678e+01
3.00000e+02 3.88517e+00 4.71244e+00
4.00000e+02 1.18491e+00 1.40675e+00
1.40000e+02 6.99303e+01 8.69570e+01
1.80000e+02 2.72718e+01 3.42975e+01
3.00000e+02 3.96592e+00 4.81908e+00
4.00000e+02 1.19351e+00 1.43796e+00
6.00000e+01 1.39605e+03 1.77912e+03
1.80000e+02 2.80628e+01 3.44523e+01
2.80000e+02 5.20109e+00 6.33138e+00
4.00000e+02 1.18123e+00 1.41064e+00
1.00000e+02 2.24025e+02 2.76232e+02
1.60000e+02 4.24862e+01 5.25645e+01
2.60000e+02 7.01403e+00 8.54240e+00
3.60000e+02 1.87689e+00 2.25791e+00
1.20000e+02 1.16658e+02 1.50203e+02
2.00000e+02 1.86863e+01 2.31268e+01
2.80000e+02 5.27416e+00 6.26657e+00
3.80000e+02 1.50037e+00 1.79266e+00
1.00000e+02 2.19621e+02 2.86673e+02
1.60000e+02 4.39739e+01 5.31012e+01
2.40000e+02 9.49975e+00 1.15668e+01
3.40000e+02 2.34314e+00 2.84133e+00
1.20000e+02 1.17820e+02 1.48718e+02
1.80000e+02 2.77226e+01 3.43412e+01
2.80000e+02 5.27127e+00 6.35999e+00
3.60000e+02 1.86221e+00 2.22957e+00
1.40000e+02 6.85931e+01 8.60552e+01
1.80000e+02 2.85218e+01 3.53709e+01
2.60000e+02 7.07364e+00 8.55742e+00
3.60000e+02 1.90012e+00 2.22778e+00
1.00000e+02 2.14961e+02 2.82043e+02
1.80000e+02 2.85113e+01 3.46283e+01
2.80000e+02 5.22453e+00 6.31697e+00
4.00000e+02 1.18556e+00 1.39334e+00
1.00000e+02 2.22555e+02 2.84204e+02
1.80000e+02 2.81176e+01 3.45425e+01
2.80000e+02 5.19868e+00 6.44596e+00
4.00000e+02 1.19579e+00 1.38482e+00
8.00000e+01 4.86296e+02 6.16459e+02
1.80000e+02 2.78116e+01 3.45949e+01
2.80000e+02 5.22062e+00 6.22106e+00
4.00000e+02 1.17701e+00 1.41075e+00
8.00000e+01 4.90722e+02 6.10609e+02
2.00000e+02 1.89760e+01 2.34104e+01
2.80000e+02 5.19576e+00 6.40578e+00
4.00000e+02 1.17500e+00 1.40878e+00
6.00000e+01 1.38765e+03 1.75472e+03
1.60000e+02 4.28378e+01 5.32181e+01
2.60000e+02 6.92101e+00 8.56574e+00
3.80000e+02 1.48322e+00 1.74968e+00
8.00000e+01 4.82354e+02 6.18287e+02
2.40000e+02 9.46334e+00 1.15966e+01
3.40000e+02 2.36113e+00 2.83399e+00
8.00000e+01 4.76577e+02 6.20128e+02
2.40000e+02 9.48266e+00 1.15776e+01
3.40000e+02 2.35461e+00 2.85039e+00
8.00000e+01 4.72469e+02 6.18448e+02
2.40000e+02 9.43826e+00 1.17120e+01
3.40000e+02 2.36816e+00 2.83388e+00
8.00000e+01 4.84287e+02 6.23920e+02
2.00000e+02 1.89750e+01 2.34818e+01
3.00000e+02 3.97093e+00 4.74395e+00
4.00000e+02 1.17970e+00 1.39268e+00
8.00000e+01 4.70860e+02 6.34638e+02
2.40000e+02 9.74214e+00 1.15916e+01
3.40000e+02 2.39980e+00 2.87189e+00
8.00000e+01 4.87071e+02 6.24195e+02
2.40000e+02 9.56573e+00 1.17867e+01
3.40000e+02 2.37636e+00 2.82213e+00
1.40000e+02 6.79426e+01 8.61633e+01
2.00000e+02 1.90055e+01 2.30995e+01
1.40000e+02 6.80612e+01 8.72365e+01
1.80000e+02 2.77431e+01 3.44473e+01
1.40000e+02 6.82333e+01 8.40301e+01
2.00000e+02 1.89694e+01 2.28542e+01
1.00000e+02 2.24490e+02 2.85082e+02
1.60000e+02 4.33174e+01 5.36411e+01
2.60000e+02 6.99243e+00 8.53336e+00
3.40000e+02 2.34381e+00 2.85220e+00
6.00000e+01 1.33473e+03 1.79448e+03
1.80000e+02 2.78708e+01 3.42771e+01
2.80000e+02 5.24249e+00 6.35800e+00
3.60000e+02 1.86430e+00 2.22081e+00
6.00000e+01 1.36111e+03 1.77344e+03
1.80000e+02 2.80136e+01 3.50953e+01
2.80000e+02 5.28235e+00 6.26364e+00
3.60000e+02 1.86702e+00 2.23257e+00
1.40000e+02 6.81618e+01 8.74613e+01
2.00000e+02 1.94312e+01 2.33798e+01
3.00000e+02 3.96073e+00 4.81023e+00
4.00000e+02 1.18940e+00 1.41390e+00
1.40000e+02 6.76994e+01 8.55992e+01
2.00000e+02 1.85577e+01 2.34392e+01
2.80000e+02 5.29441e+00 6.25010e+00
4.00000e+02 1.18665e+00 1.41162e+00
1.20000e+02 1.16761e+02 1.50921e+02
1.60000e+02 4.14862e+01 5.24135e+01
2.60000e+02 6.94816e+00 8.23601e+00
3.60000e+02 1.88161e+00 2.25455e+00
6.00000e+01 1.39032e+03 1.72908e+03
2.00000e+02 1.93060e+01 2.38898e+01
2.80000e+02 5.18593e+00 6.30400e+00
3.60000e+02 1.90290e+00 2.24320e+00
6.00000e+01 1.35468e+03 1.69585e+03
1.80000e+02 2.81317e+01 3.46432e+01
2.80000e+02 5.16891e+00 6.22560e+00
3.80000e+02 1.48974e+00 1.77560e+00
6.00000e+01 1.35486e+03 1.77440e+03
2.00000e+02 1.85623e+01 2.29583e+01
2.80000e+02 5.18740e+00 6.45507e+00
3.80000e+02 1.47561e+00 1.74972e+00
6.00000e+01 1.41167e+03 1.79208e+03
1.80000e+02 2.79527e+01 3.47930e+01
2.60000e+02 6.90403e+00 8.46095e+00
3.80000e+02 1.46673e+00 1.75803e+00
6.00000e+01 1.36893e+03 1.80390e+03
1.80000e+02 2.78523e+01 3.47969e+01
2.80000e+02 5.22337e+00 6.24219e+00
3.60000e+02 1.86447e+00 2.22288e+00
1.00000e+02 2.18914e+02 2.81886e+02
2.00000e+02 1.90100e+01 2.32012e+01
2.80000e+02 5.26145e+00 6.23738e+00
3.80000e+02 1.47259e+00 1.75252e+00
1.20000e+02 1.20890e+02 1.46758e+02
1.60000e+02 4.27895e+01 5.35871e+01
2.60000e+02 6.96132e+00 8.56354e+00
3.60000e+02 1.85875e+00 2.23221e+00
6.00000e+01 1.36672e+03 1.80407e+03
2.20000e+02 1.32605e+01 1.61543e+01
3.20000e+02 3.08126e+00 3.66443e+00
6.00000e+01 1.35909e+03 1.79080e+03
2.00000e+02 1.93074e+01 2.33276e+01
3.00000e+02 3.93373e+00 4.80060e+00
4.00000e+02 1.17819e+00 1.38897e+00
6.00000e+01 1.32604e+03 1.79571e+03
2.20000e+02 1.30928e+01 1.62549e+01
3.20000e+02 3.03767e+00 3.65010e+00
8.00000e+01 4.73116e+02 6.25908e+02
2.20000e+02 1.32183e+01 1.62216e+01
3.20000e+02 3.05470e+00 3.66645e+00
4.00000e+02 1.17524e+00 1.40350e+00
6.00000e+01 1.33427e+03 1.77304e+03
2.20000e+02 1.33324e+01 1.63389e+01
3.20000e+02 3.06897e+00 3.61951e+00
8.00000e+01 4.81303e+02 6.29706e+02
2.20000e+02 1.33906e+01 1.61937e+01
3.20000e+02 3.04856e+00 3.62321e+00
8.00000e+01 4.80300e+02 6.25460e+02
2.20000e+02 1.34042e+01 1.64739e+01
3.20000e+02 3.01049e+00 3.70936e+00
1.00000e+02 2.23752e+02 2.80739e+02
2.40000e+02 9.54081e+00 1.17555e+01
3.40000e+02 2.34530e+00 2.89433e+00
8.00000e+01 4.78652e+02 6.21387e+02
2.00000e+02 1.91273e+01 2.30915e+01
3.00000e+02 4.02227e+00 4.78581e+00
4.00000e+02 1.20254e+00 1.40685e+00
1.20000e+02 1.16508e+02 1.51854e+02
2.00000e+02 1.90710e+01 2.35943e+01
3.00000e+02 3.95552e+00 4.75839e+00
4.00000e+02 1.17985e+00 1.39862e+00
6.00000e+01 1.38040e+03 1.78727e+03
2.00000e+02 1.91734e+01 2.32162e+01
3.00000e+02 3.95557e+00 4.77904e+00
4.00000e+02 1.17666e+00 1.39028e+00
1.20000e+02 1.20247e+02 1.48354e+02
1.60000e+02 4.27385e+01 5.34725e+01
2.60000e+02 6.95455e+00 8.52778e+00
3.60000e+02 1.84772e+00 2.21748e+00
1.00000e+02 2.16440e+02 2.86268e+02
1.80000e+02 2.79814e+01 3.41885e+01
2.80000e+02 5.16220e+00 6.30863e+00
3.80000e+02 1.47788e+00 1.77161e+00
1.00000e+02 2.28929e+02 2.84063e+02
1.60000e+02 4.37424e+01 5.31490e+01
2.60000e+02 6.98661e+00 8.46869e+00
3.80000e+02 1.47432e+00 1.76389e+00
1.00000e+02 2.23378e+02 2.85978e+02
1.80000e+02 2.76494e+01 3.44554e+01
2.80000e+02 5.17804e+00 6.32746e+00
3.80000e+02 1.48512e+00 1.74758e+00
1.40000e+02 6.89836e+01 8.73468e+01
2.20000e+02 1.32614e+01 1.62128e+01
3.20000e+02 2.98572e+00 3.64826e+00
1.20000e+02 1.19347e+02 1.49856e+02
2.20000e+02 1.33695e+01 1.61098e+01
3.20000e+02 3.07736e+00 3.70881e+00
1.20000e+02 1.16474e+02 1.48285e+02
2.20000e+02 1.35722e+01 1.61795e+01
3.20000e+02 3.05156e+00 3.67296e+00
1.20000e+02 1.16586e+02 1.52380e+02
2.20000e+02 1.33320e+01 1.63683e+01
3.20000e+02 3.02542e+00 3.65555e+00
1.20000e+02 1.17166e+02 1.48688e+02
2.20000e+02 1.31611e+01 1.62691e+01
3.20000e+02 3.05670e+00 3.67653e+00
8.00000e+01 4.79153e+02 6.24474e+02
2.20000e+02 1.31650e+01 1.61447e+01
3.20000e+02 2.99328e+00 3.65750e+00
1.00000e+02 2.15717e+02 2.79621e+02
2.20000e+02 1.33348e+01 1.65294e+01
3.20000e+02 3.07253e+00 3.64262e+00
1.40000e+02 6.97150e+01 8.61766e+01
2.00000e+02 1.92352e+01 2.35784e+01
3.00000e+02 3.90984e+00 4.74118e+00
3.80000e+02 1.46417e+00 1.74496e+00
6.00000e+01 1.34052e+03 1.79784e+03
1.60000e+02 4.23886e+01 5.35991e+01
2.40000e+02 9.57338e+00 1.16744e+01
3.40000e+02 2.36495e+00 2.83274e+00
1.40000e+02 6.82922e+01 8.69534e+01
2.00000e+02 1.92048e+01 2.32136e+01
3.00000e+02 3.98433e+00 4.69897e+00
3.80000e+02 1.47766e+00 1.75734e+00
6.00000e+01 1.37521e+03 1.78442e+03
2.00000e+02 1.90091e+01 2.33805e+01
2.80000e+02 5.22297e+00 6.29529e+00
3.80000e+02 1.47975e+00 1.76507e+00
1.20000e+02 1.19889e+02 1.47134e+02
1.60000e+02 4.28895e+01 5.42062e+01
2.60000e+02 6.94890e+00 8.55572e+00
3.60000e+02 1.86527e+00 2.22572e+00
1.00000e+02 2.17969e+02 2.82355e+02
1.60000e+02 4.19766e+01 5.37317e+01
2.60000e+02 6.88897e+00 8.48574e+00
3.60000e+02 1.84317e+00 2.24582e+00
1.20000e+02 1.18779e+02 1.49850e+02
1.80000e+02 2.75235e+01 3.45677e+01
2.80000e+02 5.25312e+00 6.28352e+00
3.80000e+02 1.46469e+00 1.75039e+00
1.00000e+02 2.18862e+02 2.79276e+02
1.80000e+02 2.82321e+01 3.39862e+01
2.80000e+02 5.24559e+00 6.40256e+00
3.60000e+02 1.87293e+00 2.22308e+00
1.20000e+02 1.17680e+02 1.47185e+02
1.80000e+02 2.81780e+01 3.44119e+01
2.60000e+02 7.03808e+00 8.44032e+00
3.60000e+02 1.87573e+00 2.22700e+00
1.00000e+02 2.21186e+02 2.79097e+02
1.60000e+02 4.30606e+01 5.31881e+01
2.60000e+02 6.98863e+00 8.53038e+00
3.60000e+02 1.83945e+00 2.20549e+00
1.20000e+02 1.16917e+02 1.45751e+02
2.40000e+02 9.70136e+00 1.14692e+01
3.40000e+02 2.40155e+00 2.82972e+00
1.20000e+02 1.16645e+02 1.49477e+02
2.40000e+02 9.47764e+00 1.15393e+01
3.40000e+02 2.37951e+00 2.83827e+00
1.20000e+02 1.19737e+02 1.46267e+02
2.40000e+02 9.55164e+00 1.18038e+01
3.40000e+02 2.38839e+00 2.77628e+00
1.20000e+02 1.15207e+02 1.49223e+02
2.40000e+02 9.53120e+00 1.15306e+01
3.40000e+02 2.38423e+00 2.79736e+00
1.20000e+02 1.15242e+02 1.49496e+02
2.40000e+02 9.70185e+00 1.18296e+01
3.40000e+02 2.34431e+00 2.85600e+00
1.00000e+02 2.23431e+02 2.80715e+02
2.40000e+02 9.54143e+00 1.14712e+01
3.40000e+02 2.37407e+00 2.81092e+00
1.20000e+02 1.15965e+02 1.47098e+02
2.40000e+02 9.50299e+00 1.14873e+01
3.40000e+02 2.37838e+00 2.82584e+00
1.40000e+02 6.78762e+01 8.59938e+01
1.80000e+02 2.81777e+01 3.44549e+01
3.00000e+02 3.97117e+00 4.74331e+00
3.80000e+02 1.48050e+00 1.77009e+00
1.40000e+02 6.92498e+01 8.65707e+01
1.60000e+02 4.25949e+01 5.26430e+01
2.80000e+02 5.21590e+00 6.35146e+00
3.60000e+02 1.85610e+00 2.20392e+00
1.40000e+02 6.80854e+01 8.58690e+01
1.80000e+02 2.81580e+01 3.44010e+01
2.80000e+02 5.25188e+00 6.26984e+00
3.80000e+02 1.47420e+00 1.76767e+00
1.40000e+02 6.81113e+01 8.36931e+01
1.80000e+02 2.79082e+01 3.44986e+01
2.80000e+02 5.20730e+00 6.31799e+00
3.80000e+02 1.48090e+00 1.74795e+00
1.40000e+02 6.96234e+01 8.64058e+01
1.80000e+02 2.80765e+01 3.53678e+01
2.80000e+02 5.27750e+00 6.39268e+00
3.80000e+02 1.45008e+00 1.74622e+00
1.00000e+02 2.21648e+02 2.81167e+02
2.40000e+02 9.53814e+00 1.15316e+01
3.40000e+02 2.34092e+00 2.83186e+00
8.00000e+01 4.78579e+02 6.23975e+02
2.40000e+02 9.46358e+00 1.16799e+01
3.40000e+02 2.35161e+00 2.78324e+00
8.00000e+01 4.88633e+02 6.24238e+02
2.40000e+02 9.66908e+00 1.17198e+01
3.40000e+02 2.35459e+00 2.83677e+00
6.00000e+01 1.37444e+03 1.82233e+03
1.60000e+02 4.30629e+01 5.30827e+01
2.60000e+02 7.01330e+00 8.39033e+00
3.60000e+02 1.86275e+00 2.20513e+00
6.00000e+01 1.37580e+03 1.78532e+03
1.60000e+02 4.28086e+01 5.32806e+01
2.60000e+02 6.77981e+00 8.41564e+00
3.60000e+02 1.86656e+00 2.18882e+00
6.00000e+01 1.35565e+03 1.77447e+03
2.00000e+02 1.90116e+01 2.30171e+01
3.00000e+02 3.98199e+00 4.71698e+00
4.00000e+02 1.16669e+00 1.41563e+00
1.40000e+02 6.88536e+01 8.71369e+01
2.20000e+02 1.31477e+01 1.62055e+01
3.00000e+02 3.95103e+00 4.71419e+00
4.00000e+02 1.17662e+00 1.39590e+00
1.00000e+02 2.24564e+02 2.81907e+02
2.40000e+02 9.42958e+00 1.15795e+01
3.40000e+02 2.37916e+00 2.77157e+00
1.00000e+02 2.18460e+02 2.77141e+02
2.40000e+02 9.58053e+00 1.14859e+01
3.40000e+02 2.36696e+00 2.84502e+00
6.00000e+01 1.39517e+03 1.81221e+03
2.40000e+02 9.79082e+00 1.14982e+01
3.40000e+02 2.38582e+00 2.84801e+00
8.00000e+01 4.78406e+02 6.18631e+02
2.40000e+02 9.44664e+00 1.16802e+01
3.40000e+02 2.38081e+00 2.85969e+00
8.00000e+01 4.74132e+02 6.27620e+02
2.00000e+02 1.88084e+01 2.34543e+01
3.00000e+02 3.93943e+00 4.75187e+00
4.00000e+02 1.17213e+00 1.39906e+00
6.00000e+01 1.36689e+03 1.73093e+03
2.40000e+02 9.65703e+00 1.16070e+01
3.20000e+02 3.06137e+00 3.64265e+00
