masses      stau_mix      LO_data      LO_err      NLO_data      NLO_err      Alpha_err      time_elapsed
1.16400e+03 1.00000e+00 3.32915e-03 0.00000e+00 3.73895e-03 3.42518e-04 4.68225e-05 1.09633e+05
2.03660e+02 1.00000e+00 1.78253e+01 0.00000e+00 2.19370e+01 9.80292e-01 2.07793e+00 1.09633e+05
1.21280e+03 1.00000e+00 2.46484e-03 0.00000e+00 2.74644e-03 2.42343e-04 -6.22429e-05 1.09633e+05
3.18900e+03 1.00000e+00 5.83648e-08 0.00000e+00 6.20985e-08 3.34574e-08 -6.90457e-09 1.09633e+05
9.12700e+02 1.00000e+00 1.71922e-02 0.00000e+00 1.85336e-02 1.49344e-03 -1.51602e-04 1.09633e+05
2.63200e+03 1.00000e+00 9.72663e-07 0.00000e+00 1.05279e-06 3.93424e-07 -9.03066e-08 1.09633e+05
2.39080e+03 1.00000e+00 3.31988e-06 0.00000e+00 3.80731e-06 1.15167e-06 -1.69077e-07 1.09633e+05
5.13010e+02 1.00000e+00 3.70467e-01 0.00000e+00 4.51283e-01 2.36242e-02 -1.84249e-02 1.09633e+05
2.66500e+03 1.00000e+00 8.19329e-07 0.00000e+00 8.80546e-07 3.65086e-07 -2.94353e-08 1.09633e+05
1.05280e+03 1.00000e+00 6.60473e-03 0.00000e+00 7.53968e-03 6.29419e-04 -3.80416e-04 1.09633e+05
2.17520e+03 1.00000e+00 1.07746e-05 0.00000e+00 1.18097e-05 2.94951e-06 -3.58544e-07 1.09633e+05
2.22490e+03 1.00000e+00 8.61990e-06 0.00000e+00 9.52950e-06 2.64219e-06 -3.05051e-07 1.09633e+05
2.74570e+03 1.00000e+00 5.53136e-07 0.00000e+00 6.03740e-07 2.43458e-07 -4.75463e-08 1.09633e+05
2.32140e+03 1.00000e+00 5.02841e-06 0.00000e+00 5.59325e-06 1.63032e-06 -2.39241e-07 1.09633e+05
9.39400e+02 1.00000e+00 1.41723e-02 0.00000e+00 1.58202e-02 1.07745e-03 3.62937e-04 1.09633e+05
2.41210e+03 1.00000e+00 3.15059e-06 0.00000e+00 3.35267e-06 1.08343e-06 -2.21596e-07 1.09633e+05
3.90390e+02 1.00000e+00 1.33750e+00 0.00000e+00 1.61673e+00 8.04905e-02 2.94060e-02 1.09633e+05
8.74530e+02 1.00000e+00 2.24118e-02 0.00000e+00 2.56398e-02 1.60035e-03 1.13714e-04 1.09633e+05
1.36830e+03 1.00000e+00 9.46871e-04 0.00000e+00 1.08908e-03 1.00715e-04 9.44072e-06 1.09633e+05
7.43720e+02 1.00000e+00 5.46921e-02 0.00000e+00 6.38630e-02 3.64485e-03 -9.82285e-04 1.09633e+05
1.12280e+03 1.00000e+00 4.33253e-03 0.00000e+00 4.90200e-03 4.44504e-04 -1.96689e-04 1.09633e+05
3.03920e+03 1.00000e+00 1.19425e-07 0.00000e+00 1.33119e-07 6.63105e-08 -6.88872e-09 1.09633e+05
2.22350e+03 1.00000e+00 8.65155e-06 0.00000e+00 9.80947e-06 2.47744e-06 -2.79107e-07 1.09633e+05
1.50120e+03 1.00000e+00 4.46952e-04 0.00000e+00 5.18463e-04 6.17990e-05 1.34774e-05 1.09633e+05
1.70620e+03 1.00000e+00 1.38968e-04 0.00000e+00 1.52456e-04 2.09960e-05 -1.22699e-05 1.09633e+05
2.34170e+03 1.00000e+00 4.63859e-06 0.00000e+00 4.96143e-06 1.48717e-06 3.83710e-07 1.09633e+05
2.23360e+03 1.00000e+00 7.93923e-06 0.00000e+00 9.01390e-06 2.33263e-06 -1.47231e-07 1.09633e+05
5.41590e+02 1.00000e+00 2.86994e-01 0.00000e+00 3.32895e-01 1.89272e-02 -2.08601e-03 1.09633e+05
2.00630e+03 1.00000e+00 2.64984e-05 0.00000e+00 3.01454e-05 5.69247e-06 -5.44653e-07 1.09633e+05
6.61310e+02 1.00000e+00 1.09340e-01 0.00000e+00 1.24459e-01 7.27916e-03 -6.89793e-03 1.09633e+05
1.35580e+03 1.00000e+00 1.05274e-03 0.00000e+00 1.12945e-03 1.24022e-04 -3.58279e-07 1.09633e+05
3.76810e+02 1.00000e+00 1.50484e+00 0.00000e+00 1.80739e+00 8.37254e-02 -2.96047e-02 1.09633e+05
2.04380e+03 1.00000e+00 2.23413e-05 0.00000e+00 2.39959e-05 4.99210e-06 -5.06968e-07 1.09633e+05
1.43220e+03 1.00000e+00 6.65897e-04 0.00000e+00 7.14841e-04 7.49946e-05 -1.81017e-05 1.09633e+05
2.96690e+03 1.00000e+00 1.74917e-07 0.00000e+00 1.96206e-07 9.97982e-08 -2.99983e-08 1.09633e+05
1.50250e+03 1.00000e+00 4.57011e-04 0.00000e+00 5.08027e-04 4.93334e-05 1.62909e-05 1.09633e+05
1.80070e+03 1.00000e+00 8.19281e-05 0.00000e+00 9.36823e-05 1.44232e-05 -3.23560e-06 1.09633e+05
1.69530e+03 1.00000e+00 1.54295e-04 0.00000e+00 1.71728e-04 2.43396e-05 -1.02181e-05 1.09633e+05
2.48700e+03 1.00000e+00 2.08853e-06 0.00000e+00 2.38531e-06 7.85116e-07 -1.39528e-07 1.09633e+05
4.72740e+02 1.00000e+00 5.59783e-01 0.00000e+00 6.51927e-01 3.30561e-02 1.71394e-03 1.09633e+05
2.07030e+03 1.00000e+00 1.97302e-05 0.00000e+00 2.10761e-05 4.82889e-06 -5.57972e-07 1.09633e+05
3.24110e+03 1.00000e+00 4.70341e-08 0.00000e+00 5.09460e-08 2.49757e-08 -3.26756e-09 1.09633e+05
1.05270e+03 1.00000e+00 6.41131e-03 0.00000e+00 7.77350e-03 7.12996e-04 -5.31590e-04 1.09633e+05
2.47170e+03 1.00000e+00 2.22419e-06 0.00000e+00 2.48623e-06 8.57558e-07 -2.83641e-08 1.09633e+05
1.36180e+03 1.00000e+00 9.96223e-04 0.00000e+00 1.10180e-03 9.58643e-05 3.08776e-05 1.09633e+05
1.73770e+03 1.00000e+00 1.17143e-04 0.00000e+00 1.36457e-04 1.98893e-05 3.40803e-06 1.09633e+05
4.14080e+02 1.00000e+00 1.00667e+00 0.00000e+00 1.22905e+00 5.39992e-02 2.90595e-02 1.09633e+05
2.46660e+03 1.00000e+00 2.44005e-06 0.00000e+00 2.53142e-06 9.16266e-07 -8.29516e-08 1.09633e+05
2.78130e+03 1.00000e+00 4.42609e-07 0.00000e+00 5.03593e-07 2.09486e-07 -6.33509e-08 1.09633e+05
2.43810e+03 1.00000e+00 2.67876e-06 0.00000e+00 2.99429e-06 9.68793e-07 1.27917e-08 1.09633e+05
9.87890e+02 1.00000e+00 1.01001e-02 0.00000e+00 1.22325e-02 8.58193e-04 -2.86827e-04 1.09633e+05
2.78950e+03 1.00000e+00 4.33028e-07 0.00000e+00 4.68179e-07 2.06150e-07 1.29069e-08 1.09633e+05
1.24840e+03 1.00000e+00 1.95841e-03 0.00000e+00 2.22918e-03 2.14892e-04 -5.16115e-05 1.09633e+05
4.67120e+02 1.00000e+00 5.86434e-01 0.00000e+00 6.90942e-01 3.28972e-02 -1.05608e-02 1.09633e+05
3.08470e+03 1.00000e+00 9.88759e-08 0.00000e+00 1.04436e-07 5.51415e-08 -5.79850e-09 1.09633e+05
1.24080e+03 1.00000e+00 2.05913e-03 0.00000e+00 2.34661e-03 1.92856e-04 7.92099e-05 1.09633e+05
3.06030e+03 1.00000e+00 1.13893e-07 0.00000e+00 1.21145e-07 6.00411e-08 -1.34586e-08 1.09633e+05
1.15990e+03 1.00000e+00 3.36895e-03 0.00000e+00 3.88790e-03 2.90735e-04 -3.90449e-05 1.09633e+05
3.52470e+02 1.00000e+00 2.03133e+00 0.00000e+00 2.47535e+00 1.14680e-01 6.02999e-02 1.09633e+05
2.16510e+03 1.00000e+00 1.16808e-05 0.00000e+00 1.24860e-05 3.03138e-06 -6.27747e-07 1.09633e+05
1.37150e+03 1.00000e+00 9.18321e-04 0.00000e+00 1.07226e-03 1.06012e-04 1.78332e-05 1.09633e+05
1.65650e+03 1.00000e+00 1.87477e-04 0.00000e+00 2.08293e-04 2.72234e-05 -2.22419e-06 1.09633e+05
3.17770e+03 1.00000e+00 6.20685e-08 0.00000e+00 6.86954e-08 3.39257e-08 -7.31270e-09 1.09633e+05
3.02390e+03 1.00000e+00 1.31178e-07 0.00000e+00 1.47727e-07 7.87397e-08 -7.99258e-09 1.09633e+05
2.94000e+03 1.00000e+00 1.88946e-07 0.00000e+00 2.23687e-07 1.10373e-07 -2.82935e-08 1.09633e+05
1.21320e+03 1.00000e+00 2.56077e-03 0.00000e+00 2.69205e-03 2.61110e-04 4.23034e-05 1.09633e+05
2.49680e+02 1.00000e+00 8.22649e+00 0.00000e+00 9.92235e+00 4.93999e-01 -3.99234e-01 1.09633e+05
1.67130e+03 1.00000e+00 1.72297e-04 0.00000e+00 1.90050e-04 2.45335e-05 1.05552e-05 1.09633e+05
9.37510e+02 1.00000e+00 1.39570e-02 0.00000e+00 1.69755e-02 1.14281e-03 1.51398e-04 1.09633e+05
3.14540e+03 1.00000e+00 7.16799e-08 0.00000e+00 7.97865e-08 4.24614e-08 -4.47460e-09 1.09633e+05
4.45020e+02 1.00000e+00 7.49036e-01 0.00000e+00 8.58432e-01 3.99934e-02 -4.41816e-03 1.09633e+05
1.70350e+03 1.00000e+00 1.46416e-04 0.00000e+00 1.56552e-04 2.18760e-05 3.36284e-06 1.09633e+05
2.33920e+03 1.00000e+00 4.65588e-06 0.00000e+00 5.05988e-06 1.61838e-06 -3.06062e-07 1.09633e+05
9.94780e+02 1.00000e+00 9.41012e-03 0.00000e+00 1.06825e-02 8.43399e-04 -3.37143e-04 1.09633e+05
2.37320e+03 1.00000e+00 3.82302e-06 0.00000e+00 4.21900e-06 1.35712e-06 -2.90898e-07 1.09633e+05
1.62800e+03 1.00000e+00 2.14143e-04 0.00000e+00 2.47687e-04 2.67327e-05 -7.41584e-06 1.09633e+05
3.10450e+03 1.00000e+00 9.12257e-08 0.00000e+00 9.62094e-08 4.52520e-08 -1.09642e-08 1.09633e+05
3.49240e+03 1.00000e+00 1.46255e-08 0.00000e+00 1.60701e-08 8.62960e-09 -2.62372e-09 1.09633e+05
1.63790e+03 1.00000e+00 2.14143e-04 0.00000e+00 2.34380e-04 3.13860e-05 1.65157e-06 1.09633e+05
3.16540e+02 1.00000e+00 3.14180e+00 0.00000e+00 3.72925e+00 2.07748e-01 3.27921e-02 1.09633e+05
1.59610e+03 1.00000e+00 2.61902e-04 0.00000e+00 2.87803e-04 3.53723e-05 8.60371e-07 1.09633e+05
9.50920e+02 1.00000e+00 1.21458e-02 0.00000e+00 1.53142e-02 1.08620e-03 4.83280e-05 1.09633e+05
3.42220e+03 1.00000e+00 2.07002e-08 0.00000e+00 2.24045e-08 1.15052e-08 -1.50089e-09 1.09633e+05
3.21120e+03 1.00000e+00 5.32047e-08 0.00000e+00 5.80856e-08 3.01253e-08 -4.62643e-09 1.09633e+05
1.93410e+03 1.00000e+00 4.03597e-05 0.00000e+00 4.52626e-05 9.46421e-06 1.51815e-06 1.09633e+05
2.29590e+03 1.00000e+00 5.47913e-06 0.00000e+00 6.36794e-06 1.90065e-06 -3.79710e-07 1.09633e+05
5.83700e+02 1.00000e+00 2.03582e-01 0.00000e+00 2.36164e-01 1.15577e-02 3.67037e-03 1.09633e+05
2.00550e+03 1.00000e+00 2.69752e-05 0.00000e+00 3.02531e-05 6.45764e-06 -2.05452e-07 1.09633e+05
3.39060e+03 1.00000e+00 2.34655e-08 0.00000e+00 2.48842e-08 1.40334e-08 -3.59606e-09 1.09633e+05
6.34100e+02 1.00000e+00 1.32192e-01 0.00000e+00 1.52762e-01 8.28674e-03 -3.73670e-03 1.09633e+05
3.41660e+03 1.00000e+00 2.06167e-08 0.00000e+00 2.27313e-08 1.17314e-08 -2.53143e-09 1.09633e+05
1.73290e+03 1.00000e+00 1.23374e-04 0.00000e+00 1.30041e-04 1.97640e-05 -5.41173e-06 1.09633e+05
6.34770e+02 1.00000e+00 1.28113e-01 0.00000e+00 1.54221e-01 8.37690e-03 -9.93961e-04 1.09633e+05
2.03680e+03 1.00000e+00 2.30815e-05 0.00000e+00 2.53666e-05 5.42756e-06 5.94357e-07 1.09633e+05
6.56120e+02 1.00000e+00 1.07391e-01 0.00000e+00 1.27809e-01 7.79308e-03 4.31197e-05 1.09633e+05
2.37010e+03 1.00000e+00 3.83679e-06 0.00000e+00 4.20244e-06 1.25367e-06 -1.49440e-07 1.09633e+05
6.56080e+02 1.00000e+00 1.13836e-01 0.00000e+00 1.26695e-01 6.91728e-03 8.19051e-04 1.09633e+05
2.29810e+03 1.00000e+00 5.52155e-06 0.00000e+00 6.17039e-06 1.78607e-06 -9.34462e-08 1.09633e+05
2.13400e+03 1.00000e+00 1.35567e-05 0.00000e+00 1.48942e-05 3.33903e-06 -5.21470e-07 1.09633e+05
2.39940e+03 1.00000e+00 3.35661e-06 0.00000e+00 3.64533e-06 1.13975e-06 -1.30458e-07 1.09633e+05
1.14890e+03 1.00000e+00 3.81618e-03 0.00000e+00 4.18243e-03 3.69625e-04 -3.70405e-04 1.09633e+05
3.23840e+03 1.00000e+00 4.79896e-08 0.00000e+00 5.07465e-08 2.54725e-08 -8.08442e-09 1.09633e+05
1.24250e+03 1.00000e+00 2.04344e-03 0.00000e+00 2.29690e-03 1.90138e-04 2.07220e-05 1.09633e+05
3.76150e+02 1.00000e+00 1.52182e+00 0.00000e+00 1.90163e+00 8.43601e-02 -5.59070e-02 1.09633e+05
2.74660e+03 1.00000e+00 5.43995e-07 0.00000e+00 5.80412e-07 2.41344e-07 -4.29596e-08 1.09633e+05
2.42820e+03 1.00000e+00 2.79051e-06 0.00000e+00 3.22925e-06 1.02432e-06 -1.84197e-07 1.09633e+05
2.81480e+03 1.00000e+00 3.87299e-07 0.00000e+00 4.28808e-07 1.91746e-07 -2.80267e-08 1.09633e+05
6.44550e+02 1.00000e+00 1.18098e-01 0.00000e+00 1.39828e-01 8.43784e-03 9.49782e-03 1.09633e+05
2.82750e+03 1.00000e+00 3.42974e-07 0.00000e+00 3.74876e-07 1.71757e-07 -2.55883e-08 1.09633e+05
1.16780e+03 1.00000e+00 3.24776e-03 0.00000e+00 3.62435e-03 2.75340e-04 1.52247e-05 1.09633e+05
7.16480e+02 1.00000e+00 6.79916e-02 0.00000e+00 8.04701e-02 4.35039e-03 1.52881e-03 1.09633e+05
2.39670e+03 1.00000e+00 3.31312e-06 0.00000e+00 3.65923e-06 1.18139e-06 -6.49939e-08 1.09633e+05
1.26130e+03 1.00000e+00 1.87701e-03 0.00000e+00 2.04613e-03 1.91322e-04 -9.42218e-05 1.09633e+05
2.41110e+03 1.00000e+00 3.03543e-06 0.00000e+00 3.37516e-06 1.07372e-06 -8.25548e-08 1.09633e+05
2.34390e+03 1.00000e+00 4.48974e-06 0.00000e+00 4.85024e-06 1.33033e-06 -2.26087e-07 1.09633e+05
3.27520e+03 1.00000e+00 3.92606e-08 0.00000e+00 4.37684e-08 2.13053e-08 -6.44861e-09 1.09633e+05
1.90170e+03 1.00000e+00 4.76815e-05 0.00000e+00 5.41184e-05 9.40703e-06 -3.71187e-06 1.09633e+05
2.24290e+03 1.00000e+00 7.47724e-06 0.00000e+00 8.49063e-06 2.32107e-06 -4.64204e-07 1.09633e+05
1.94580e+03 1.00000e+00 3.77113e-05 0.00000e+00 4.26471e-05 7.37801e-06 -1.17995e-06 1.09633e+05
1.06910e+03 1.00000e+00 5.88055e-03 0.00000e+00 6.71965e-03 4.93267e-04 1.67177e-04 1.09633e+05
1.45520e+03 1.00000e+00 5.86964e-04 0.00000e+00 6.52740e-04 7.10554e-05 3.47101e-05 1.09633e+05
1.32380e+03 1.00000e+00 1.26879e-03 0.00000e+00 1.34639e-03 1.47561e-04 -4.56725e-06 1.09633e+05
2.14890e+02 1.00000e+00 1.40914e+01 0.00000e+00 1.77896e+01 8.41442e-01 3.12080e-01 1.09633e+05
1.70090e+03 1.00000e+00 1.45102e-04 0.00000e+00 1.58654e-04 1.99684e-05 1.73453e-06 1.09633e+05
3.01060e+03 1.00000e+00 1.45563e-07 0.00000e+00 1.52779e-07 7.41735e-08 -1.93901e-08 1.09633e+05
2.35560e+03 1.00000e+00 4.23888e-06 0.00000e+00 4.79892e-06 1.38309e-06 3.54945e-08 1.09633e+05
3.40260e+03 1.00000e+00 2.15834e-08 0.00000e+00 2.42975e-08 1.14820e-08 -1.91694e-09 1.09633e+05
2.58030e+03 1.00000e+00 1.27256e-06 0.00000e+00 1.40800e-06 4.95099e-07 -6.13913e-08 1.09633e+05
4.04700e+02 1.00000e+00 1.10091e+00 0.00000e+00 1.34296e+00 5.45226e-02 -7.12794e-02 1.09633e+05
9.36370e+02 1.00000e+00 1.44852e-02 0.00000e+00 1.57957e-02 1.33376e-03 3.00103e-04 1.09633e+05
6.09060e+02 1.00000e+00 1.62693e-01 0.00000e+00 1.87951e-01 9.53985e-03 7.23576e-03 1.09633e+05
2.09360e+03 1.00000e+00 1.68676e-05 0.00000e+00 1.88789e-05 4.48316e-06 1.34952e-07 1.09633e+05
2.97620e+03 1.00000e+00 1.61209e-07 0.00000e+00 1.81490e-07 9.56596e-08 -4.24343e-09 1.09633e+05
1.62060e+03 1.00000e+00 2.29384e-04 0.00000e+00 2.63987e-04 3.02293e-05 -1.11374e-06 1.09633e+05
1.18390e+03 1.00000e+00 2.92278e-03 0.00000e+00 3.17141e-03 2.87604e-04 1.35710e-04 1.09633e+05
1.79290e+03 1.00000e+00 9.08433e-05 0.00000e+00 9.91852e-05 1.47049e-05 3.85723e-06 1.09633e+05
1.00810e+03 1.00000e+00 8.85672e-03 0.00000e+00 1.01762e-02 7.98236e-04 -1.42861e-03 1.09633e+05
3.47720e+03 1.00000e+00 1.59202e-08 0.00000e+00 1.74808e-08 1.00936e-08 -2.28118e-09 1.09633e+05
2.54400e+03 1.00000e+00 1.52783e-06 0.00000e+00 1.72201e-06 5.74538e-07 -2.03228e-08 1.09633e+05
3.44640e+02 1.00000e+00 2.21825e+00 0.00000e+00 2.62003e+00 1.39156e-01 1.60654e-02 1.09633e+05
3.11490e+03 1.00000e+00 8.61525e-08 0.00000e+00 9.52453e-08 5.14899e-08 -9.37541e-09 1.09633e+05
3.44190e+03 1.00000e+00 1.94112e-08 0.00000e+00 2.06352e-08 1.02673e-08 -2.65150e-09 1.09633e+05
2.73220e+03 1.00000e+00 5.82174e-07 0.00000e+00 6.29989e-07 2.62300e-07 -2.43949e-08 1.09633e+05
8.18670e+02 1.00000e+00 3.15768e-02 0.00000e+00 3.62239e-02 2.48666e-03 1.44328e-03 1.09633e+05
1.16870e+03 1.00000e+00 3.01652e-03 0.00000e+00 3.55415e-03 2.81159e-04 2.67975e-05 1.09633e+05
8.73380e+02 1.00000e+00 2.19076e-02 0.00000e+00 2.47526e-02 1.60355e-03 -6.18844e-04 1.09633e+05
3.09140e+03 1.00000e+00 9.40505e-08 0.00000e+00 1.02117e-07 5.45962e-08 -4.48704e-09 1.09633e+05
2.01370e+03 1.00000e+00 2.61894e-05 0.00000e+00 2.93949e-05 6.49384e-06 2.92449e-07 1.09633e+05
2.28920e+03 1.00000e+00 6.07593e-06 0.00000e+00 6.55713e-06 1.92157e-06 -1.99766e-07 1.09633e+05
1.16870e+03 1.00000e+00 3.24760e-03 0.00000e+00 3.76567e-03 2.71156e-04 -3.69584e-05 1.09633e+05
2.75910e+03 1.00000e+00 5.15728e-07 0.00000e+00 5.45926e-07 2.33410e-07 -4.03383e-08 1.09633e+05
9.81940e+02 1.00000e+00 1.04052e-02 0.00000e+00 1.18008e-02 8.36847e-04 2.29887e-05 1.09633e+05
1.70250e+03 1.00000e+00 1.43684e-04 0.00000e+00 1.61679e-04 2.17966e-05 2.62907e-06 1.09633e+05
3.21620e+03 1.00000e+00 5.20317e-08 0.00000e+00 5.80271e-08 2.97609e-08 -9.19428e-09 1.09633e+05
1.30070e+03 1.00000e+00 1.49093e-03 0.00000e+00 1.62270e-03 1.53054e-04 -8.99145e-06 1.09633e+05
2.64710e+03 1.00000e+00 8.92614e-07 0.00000e+00 1.00508e-06 3.94125e-07 -1.26972e-09 1.09633e+05
3.67570e+02 1.00000e+00 1.69157e+00 0.00000e+00 2.00942e+00 9.82342e-02 5.42614e-03 1.09633e+05
9.85350e+02 1.00000e+00 9.78208e-03 0.00000e+00 1.19901e-02 8.13584e-04 3.52691e-04 1.09633e+05
2.32440e+02 1.00000e+00 1.09929e+01 0.00000e+00 1.30468e+01 5.70381e-01 8.77480e-03 1.09633e+05
1.55930e+03 1.00000e+00 3.22989e-04 0.00000e+00 3.67779e-04 4.20081e-05 2.27930e-05 1.09633e+05
1.12500e+03 1.00000e+00 4.00271e-03 0.00000e+00 4.90600e-03 4.11739e-04 -1.49257e-05 1.09633e+05
8.83720e+02 1.00000e+00 2.05356e-02 0.00000e+00 2.26881e-02 1.85343e-03 -5.97142e-04 1.09633e+05
1.89050e+03 1.00000e+00 5.07476e-05 0.00000e+00 5.83413e-05 1.04820e-05 -3.57185e-06 1.09633e+05
2.88180e+02 1.00000e+00 4.69001e+00 0.00000e+00 5.75840e+00 2.52095e-01 -4.30578e-02 1.09633e+05
2.76820e+02 1.00000e+00 5.52168e+00 0.00000e+00 6.60640e+00 3.46973e-01 -1.40389e-01 1.09633e+05
1.86330e+03 1.00000e+00 5.91725e-05 0.00000e+00 6.78000e-05 1.13977e-05 2.26298e-06 1.09633e+05
3.02310e+03 1.00000e+00 1.31112e-07 0.00000e+00 1.47701e-07 7.28391e-08 -3.17748e-09 1.09633e+05
3.47820e+03 1.00000e+00 1.58451e-08 0.00000e+00 1.73861e-08 8.82699e-09 -2.11877e-09 1.09633e+05
2.61420e+03 1.00000e+00 1.04154e-06 0.00000e+00 1.17848e-06 4.46736e-07 -1.98115e-08 1.09633e+05
2.31930e+02 1.00000e+00 1.09991e+01 0.00000e+00 1.25950e+01 6.39147e-01 -5.71892e-01 1.09633e+05
9.74580e+02 1.00000e+00 1.12615e-02 0.00000e+00 1.29541e-02 1.02323e-03 8.14738e-04 1.09633e+05
2.38030e+03 1.00000e+00 3.63234e-06 0.00000e+00 4.11628e-06 1.24927e-06 -2.28360e-07 1.09633e+05
3.23220e+03 1.00000e+00 4.68698e-08 0.00000e+00 5.20299e-08 2.48757e-08 -2.97211e-09 1.09633e+05
7.86480e+02 1.00000e+00 3.96964e-02 0.00000e+00 4.94665e-02 2.65181e-03 -2.54904e-03 1.09633e+05
3.16870e+03 1.00000e+00 6.63351e-08 0.00000e+00 7.03092e-08 3.62423e-08 -7.55933e-09 1.09633e+05
1.01880e+03 1.00000e+00 7.85579e-03 0.00000e+00 9.05536e-03 7.54651e-04 -5.04889e-04 1.09633e+05
2.15540e+03 1.00000e+00 1.21229e-05 0.00000e+00 1.35006e-05 3.36648e-06 -8.84338e-08 1.09633e+05
1.03950e+03 1.00000e+00 6.67370e-03 0.00000e+00 8.44364e-03 6.36505e-04 3.83018e-04 1.09633e+05
2.17640e+03 1.00000e+00 1.06677e-05 0.00000e+00 1.18280e-05 3.13959e-06 -5.52413e-07 1.09633e+05
2.97410e+03 1.00000e+00 1.70985e-07 0.00000e+00 1.86214e-07 9.76989e-08 -1.84607e-08 1.09633e+05
8.13260e+02 1.00000e+00 3.36269e-02 0.00000e+00 3.73369e-02 2.17435e-03 -2.59509e-03 1.09633e+05
1.02760e+03 1.00000e+00 7.71012e-03 0.00000e+00 8.69794e-03 6.94108e-04 -4.03072e-04 1.09633e+05
2.36500e+03 1.00000e+00 3.97979e-06 0.00000e+00 4.41083e-06 1.37247e-06 -3.76338e-07 1.09633e+05
2.04040e+03 1.00000e+00 2.18260e-05 0.00000e+00 2.51351e-05 5.63433e-06 -9.06352e-07 1.09633e+05
2.66020e+03 1.00000e+00 8.16954e-07 0.00000e+00 9.34460e-07 3.72905e-07 -1.67855e-08 1.09633e+05
2.30510e+03 1.00000e+00 5.43484e-06 0.00000e+00 6.18020e-06 1.90444e-06 8.58301e-08 1.09633e+05
9.39760e+02 1.00000e+00 1.34588e-02 0.00000e+00 1.52816e-02 1.10010e-03 1.16502e-04 1.09633e+05
1.68250e+03 1.00000e+00 1.73021e-04 0.00000e+00 1.80213e-04 2.36879e-05 -9.22731e-07 1.09633e+05
2.48550e+03 1.00000e+00 2.12896e-06 0.00000e+00 2.31817e-06 8.15230e-07 1.37071e-07 1.09633e+05
1.80730e+03 1.00000e+00 7.99517e-05 0.00000e+00 8.89076e-05 1.53695e-05 -3.41206e-06 1.09633e+05
2.00230e+03 1.00000e+00 2.74933e-05 0.00000e+00 3.04341e-05 6.03131e-06 -2.78750e-06 1.09633e+05
1.78270e+03 1.00000e+00 9.23707e-05 0.00000e+00 1.04456e-04 1.42855e-05 4.46377e-06 1.09633e+05
5.64760e+02 1.00000e+00 2.30438e-01 0.00000e+00 2.79942e-01 1.44929e-02 -6.24455e-03 1.09633e+05
8.01670e+02 1.00000e+00 3.72337e-02 0.00000e+00 4.21316e-02 2.87524e-03 1.49313e-04 1.09633e+05
4.86830e+02 1.00000e+00 4.81948e-01 0.00000e+00 5.77576e-01 2.64406e-02 -2.19946e-03 1.09633e+05
1.35700e+03 1.00000e+00 1.04768e-03 0.00000e+00 1.19127e-03 1.10213e-04 -3.04187e-05 1.09633e+05
1.85140e+03 1.00000e+00 6.44126e-05 0.00000e+00 7.11888e-05 1.23972e-05 -3.42638e-06 1.09633e+05
2.53660e+02 1.00000e+00 7.65745e+00 0.00000e+00 9.60456e+00 5.21740e-01 1.21181e-01 1.09633e+05
2.69720e+03 1.00000e+00 6.58053e-07 0.00000e+00 7.40006e-07 2.93397e-07 -1.21494e-08 1.09633e+05
8.79870e+02 1.00000e+00 1.97069e-02 0.00000e+00 2.40603e-02 1.76215e-03 3.09708e-04 1.09633e+05
1.70810e+03 1.00000e+00 1.33428e-04 0.00000e+00 1.58751e-04 2.28130e-05 -1.17419e-05 1.09633e+05
3.49330e+03 1.00000e+00 1.47014e-08 0.00000e+00 1.68509e-08 8.09848e-09 -6.78272e-10 1.09633e+05
1.43600e+03 1.00000e+00 6.51629e-04 0.00000e+00 7.37912e-04 6.81023e-05 -7.51826e-06 1.09633e+05
3.25580e+03 1.00000e+00 4.27585e-08 0.00000e+00 4.73789e-08 2.44387e-08 -2.63953e-09 1.09633e+05
1.90980e+03 1.00000e+00 4.74161e-05 0.00000e+00 5.10756e-05 8.97856e-06 -3.85754e-06 1.09633e+05
6.25270e+02 1.00000e+00 1.39826e-01 0.00000e+00 1.63663e-01 8.04933e-03 -1.36671e-03 1.09633e+05
1.50510e+03 1.00000e+00 4.33398e-04 0.00000e+00 5.12492e-04 4.97625e-05 -4.19066e-06 1.09633e+05
8.94250e+02 1.00000e+00 1.87434e-02 0.00000e+00 2.15823e-02 1.45498e-03 -1.62177e-03 1.09633e+05
3.49770e+03 1.00000e+00 1.52029e-08 0.00000e+00 1.57084e-08 8.43091e-09 -2.75327e-09 1.09633e+05
2.42750e+03 1.00000e+00 2.82033e-06 0.00000e+00 3.15602e-06 1.01519e-06 -2.15565e-07 1.09633e+05
1.16280e+03 1.00000e+00 3.26593e-03 0.00000e+00 3.83588e-03 2.72464e-04 -9.27000e-05 1.09633e+05
2.22240e+03 1.00000e+00 8.31524e-06 0.00000e+00 9.00844e-06 2.46980e-06 -2.39540e-07 1.09633e+05
1.61460e+03 1.00000e+00 2.30675e-04 0.00000e+00 2.57023e-04 3.09722e-05 -1.02589e-05 1.09633e+05
2.91640e+03 1.00000e+00 2.23209e-07 0.00000e+00 2.34395e-07 1.17976e-07 -1.02035e-08 1.09633e+05
2.41810e+03 1.00000e+00 2.97860e-06 0.00000e+00 3.37083e-06 1.05627e-06 -4.30727e-07 1.09633e+05
2.44310e+03 1.00000e+00 2.51197e-06 0.00000e+00 2.80817e-06 8.40535e-07 -1.45619e-07 1.09633e+05
3.18480e+03 1.00000e+00 6.26866e-08 0.00000e+00 6.68489e-08 3.19764e-08 -7.43856e-09 1.09633e+05
3.35420e+03 1.00000e+00 2.76122e-08 0.00000e+00 3.04554e-08 1.52350e-08 -1.23622e-09 1.09633e+05
9.84980e+02 1.00000e+00 1.06105e-02 0.00000e+00 1.21586e-02 7.73493e-04 6.69711e-04 1.09633e+05
5.55060e+02 1.00000e+00 2.57430e-01 0.00000e+00 3.01905e-01 1.45159e-02 -1.10254e-03 1.09633e+05
1.41140e+03 1.00000e+00 7.35429e-04 0.00000e+00 8.44057e-04 7.27460e-05 1.82544e-05 1.09633e+05
3.36520e+03 1.00000e+00 2.67756e-08 0.00000e+00 2.92853e-08 1.39877e-08 -3.43684e-09 1.09633e+05
1.96690e+03 1.00000e+00 3.30355e-05 0.00000e+00 3.74382e-05 7.15712e-06 6.71951e-07 1.09633e+05
3.19690e+03 1.00000e+00 5.80162e-08 0.00000e+00 6.19939e-08 2.94377e-08 -8.45338e-09 1.09633e+05
9.29580e+02 1.00000e+00 1.46835e-02 0.00000e+00 1.69278e-02 1.25600e-03 -5.05266e-04 1.09633e+05
5.37070e+02 1.00000e+00 3.05937e-01 0.00000e+00 3.46578e-01 1.69779e-02 9.11644e-03 1.09633e+05
2.10190e+03 1.00000e+00 1.63628e-05 0.00000e+00 1.78763e-05 4.21382e-06 -6.45469e-08 1.09633e+05
2.29010e+03 1.00000e+00 5.88229e-06 0.00000e+00 6.52590e-06 1.89955e-06 3.21031e-07 1.09633e+05
2.76270e+03 1.00000e+00 4.82291e-07 0.00000e+00 5.59009e-07 2.30165e-07 -2.69281e-08 1.09633e+05
3.18250e+03 1.00000e+00 6.01075e-08 0.00000e+00 6.79071e-08 3.30164e-08 -6.88813e-09 1.09633e+05
2.45320e+03 1.00000e+00 2.43495e-06 0.00000e+00 2.66011e-06 9.68905e-07 -3.82775e-08 1.09633e+05
3.35170e+03 1.00000e+00 2.90043e-08 0.00000e+00 3.18449e-08 1.59484e-08 -3.54665e-09 1.09633e+05
2.96100e+03 1.00000e+00 1.81529e-07 0.00000e+00 2.02297e-07 1.01401e-07 -1.93316e-08 1.09633e+05
4.94350e+02 1.00000e+00 4.54257e-01 0.00000e+00 5.42233e-01 2.68985e-02 1.43295e-02 1.09633e+05
3.27490e+03 1.00000e+00 3.98228e-08 0.00000e+00 4.32193e-08 2.28144e-08 -3.59292e-09 1.09633e+05
3.16950e+03 1.00000e+00 6.37520e-08 0.00000e+00 7.01936e-08 3.58785e-08 -5.28263e-09 1.09633e+05
1.27000e+03 1.00000e+00 1.77674e-03 0.00000e+00 1.88884e-03 1.42357e-04 -1.59705e-04 1.09633e+05
2.94610e+03 1.00000e+00 1.87261e-07 0.00000e+00 2.18065e-07 1.14346e-07 -1.71188e-08 1.09633e+05
2.99190e+03 1.00000e+00 1.55231e-07 0.00000e+00 1.67718e-07 8.17793e-08 -9.67121e-09 1.09633e+05
6.93110e+02 1.00000e+00 8.32376e-02 0.00000e+00 9.82664e-02 5.07113e-03 2.75749e-03 1.09633e+05
5.80190e+02 1.00000e+00 2.09351e-01 0.00000e+00 2.48123e-01 1.01278e-02 2.62922e-03 1.09633e+05
2.04710e+03 1.00000e+00 2.15462e-05 0.00000e+00 2.40727e-05 4.92270e-06 -1.54010e-06 1.09633e+05
1.67050e+03 1.00000e+00 1.68909e-04 0.00000e+00 1.94784e-04 2.84560e-05 -1.16347e-05 1.09633e+05
1.81160e+03 1.00000e+00 7.90742e-05 0.00000e+00 8.62700e-05 1.38833e-05 -4.50304e-06 1.09633e+05
1.73930e+03 1.00000e+00 1.12661e-04 0.00000e+00 1.28871e-04 1.91774e-05 2.16821e-06 1.09633e+05
6.40590e+02 1.00000e+00 1.26700e-01 0.00000e+00 1.46109e-01 8.51538e-03 7.03463e-04 1.09633e+05
1.72090e+03 1.00000e+00 1.28825e-04 0.00000e+00 1.48192e-04 2.19543e-05 -8.23495e-06 1.09633e+05
2.75610e+03 1.00000e+00 5.17896e-07 0.00000e+00 5.46062e-07 2.40975e-07 -1.76599e-08 1.09633e+05
2.63000e+03 1.00000e+00 9.78286e-07 0.00000e+00 1.08146e-06 4.32103e-07 -3.54716e-08 1.09633e+05
2.85270e+03 1.00000e+00 3.12349e-07 0.00000e+00 3.34618e-07 1.53633e-07 7.03514e-09 1.09633e+05
3.11240e+03 1.00000e+00 8.67054e-08 0.00000e+00 9.11848e-08 4.67197e-08 -2.09306e-09 1.09633e+05
1.89070e+03 1.00000e+00 5.10876e-05 0.00000e+00 5.64315e-05 9.77026e-06 -2.67770e-06 1.09633e+05
6.72770e+02 1.00000e+00 1.00100e-01 0.00000e+00 1.13752e-01 6.71277e-03 -2.69219e-03 1.09633e+05
3.48490e+03 1.00000e+00 1.52152e-08 0.00000e+00 1.67993e-08 8.94916e-09 -2.61382e-09 1.09633e+05
1.32660e+03 1.00000e+00 1.22961e-03 0.00000e+00 1.34290e-03 1.23633e-04 -3.25705e-05 1.09633e+05
2.41120e+03 1.00000e+00 3.09629e-06 0.00000e+00 3.63213e-06 1.27736e-06 -3.44472e-07 1.09633e+05
1.40150e+03 1.00000e+00 7.95946e-04 0.00000e+00 8.84856e-04 9.46056e-05 8.07674e-06 1.09633e+05
1.37360e+03 1.00000e+00 9.69884e-04 0.00000e+00 1.05006e-03 8.98746e-05 7.82397e-06 1.09633e+05
2.22330e+03 1.00000e+00 8.94991e-06 0.00000e+00 9.34587e-06 2.34507e-06 -3.54317e-07 1.09633e+05
1.62630e+03 1.00000e+00 2.11961e-04 0.00000e+00 2.47722e-04 3.15656e-05 -8.00053e-06 1.09633e+05
8.66130e+02 1.00000e+00 2.27317e-02 0.00000e+00 2.66512e-02 1.50201e-03 3.70039e-04 1.09633e+05
1.57530e+03 1.00000e+00 3.06197e-04 0.00000e+00 3.39216e-04 4.09870e-05 -2.10209e-06 1.09633e+05
1.51340e+03 1.00000e+00 4.27078e-04 0.00000e+00 4.52544e-04 5.67293e-05 -1.41878e-05 1.09633e+05
2.80140e+03 1.00000e+00 3.99969e-07 0.00000e+00 4.34102e-07 2.07625e-07 -3.33834e-08 1.09633e+05
2.99890e+03 1.00000e+00 1.49503e-07 0.00000e+00 1.58806e-07 8.61745e-08 -1.11464e-08 1.09633e+05
2.30930e+03 1.00000e+00 5.32266e-06 0.00000e+00 5.88036e-06 1.67931e-06 1.94279e-07 1.09633e+05
1.43680e+03 1.00000e+00 6.67976e-04 0.00000e+00 7.28268e-04 7.38730e-05 2.58770e-05 1.09633e+05
2.06390e+03 1.00000e+00 1.99435e-05 0.00000e+00 2.25609e-05 4.74656e-06 -1.39604e-06 1.09633e+05
1.41820e+03 1.00000e+00 7.36435e-04 0.00000e+00 8.19234e-04 7.92622e-05 -4.05811e-06 1.09633e+05
7.31780e+02 1.00000e+00 5.91958e-02 0.00000e+00 7.07341e-02 3.76962e-03 -1.06614e-03 1.09633e+05
3.28700e+03 1.00000e+00 3.76589e-08 0.00000e+00 4.23800e-08 2.21160e-08 -3.14521e-09 1.09633e+05
1.06520e+03 1.00000e+00 6.16781e-03 0.00000e+00 6.88206e-03 6.20449e-04 5.05024e-04 1.09633e+05
1.89550e+03 1.00000e+00 4.97193e-05 0.00000e+00 5.52798e-05 9.85062e-06 3.22439e-07 1.09633e+05
1.58420e+03 1.00000e+00 2.82603e-04 0.00000e+00 3.08551e-04 3.17627e-05 -4.55307e-07 1.09633e+05
8.43540e+02 1.00000e+00 2.71043e-02 0.00000e+00 3.06582e-02 1.90688e-03 -9.85234e-04 1.09633e+05
4.90750e+02 1.00000e+00 4.69777e-01 0.00000e+00 5.51333e-01 2.41624e-02 -1.28164e-02 1.09633e+05
7.34620e+02 1.00000e+00 5.87605e-02 0.00000e+00 6.81789e-02 4.01149e-03 -1.22933e-03 1.09633e+05
9.39270e+02 1.00000e+00 1.28322e-02 0.00000e+00 1.68528e-02 1.28224e-03 8.12828e-04 1.09633e+05
3.11290e+03 1.00000e+00 8.40186e-08 0.00000e+00 9.05137e-08 5.26588e-08 -1.11941e-08 1.09633e+05
1.46050e+03 1.00000e+00 5.79561e-04 0.00000e+00 6.40474e-04 7.08331e-05 1.48222e-05 1.09633e+05
6.59620e+02 1.00000e+00 1.06300e-01 0.00000e+00 1.23716e-01 6.90676e-03 -5.32125e-03 1.09633e+05
3.46990e+03 1.00000e+00 1.61309e-08 0.00000e+00 1.77278e-08 9.29497e-09 -1.64086e-09 1.09633e+05
3.18970e+03 1.00000e+00 5.84844e-08 0.00000e+00 6.56174e-08 3.20415e-08 -4.68949e-09 1.09633e+05
2.91420e+02 1.00000e+00 4.48304e+00 0.00000e+00 5.22057e+00 2.35174e-01 2.35155e-01 1.09633e+05
3.14740e+03 1.00000e+00 7.01740e-08 0.00000e+00 7.89149e-08 4.05560e-08 -1.16037e-08 1.09633e+05
3.26720e+03 1.00000e+00 4.05491e-08 0.00000e+00 4.65931e-08 2.15805e-08 -4.18163e-09 1.09633e+05
2.42740e+03 1.00000e+00 2.91212e-06 0.00000e+00 3.08744e-06 1.04798e-06 -6.95943e-08 1.09633e+05
3.82160e+02 1.00000e+00 1.44293e+00 0.00000e+00 1.69914e+00 8.29120e-02 4.02297e-02 1.09633e+05
9.59030e+02 1.00000e+00 1.18768e-02 0.00000e+00 1.44136e-02 8.39650e-04 2.11850e-04 1.09633e+05
2.44430e+03 1.00000e+00 2.47062e-06 0.00000e+00 2.84051e-06 9.46336e-07 4.69817e-08 1.09633e+05
2.89250e+02 1.00000e+00 4.54587e+00 0.00000e+00 5.45367e+00 2.43139e-01 1.59631e-01 1.09633e+05
1.17860e+03 1.00000e+00 2.99280e-03 0.00000e+00 3.39305e-03 2.89579e-04 1.01029e-04 1.09633e+05
2.64870e+03 1.00000e+00 9.14996e-07 0.00000e+00 9.98948e-07 3.73352e-07 -1.77775e-08 1.09633e+05
1.71040e+03 1.00000e+00 1.37243e-04 0.00000e+00 1.55191e-04 1.89378e-05 7.32617e-06 1.09633e+05
2.49280e+03 1.00000e+00 2.00888e-06 0.00000e+00 2.20595e-06 7.45075e-07 -1.18358e-07 1.09633e+05
2.14240e+03 1.00000e+00 1.28768e-05 0.00000e+00 1.46794e-05 3.45554e-06 -4.86449e-07 1.09633e+05
2.87470e+03 1.00000e+00 2.69927e-07 0.00000e+00 3.04419e-07 1.41788e-07 -1.17269e-08 1.09633e+05
2.60520e+03 1.00000e+00 1.13169e-06 0.00000e+00 1.23642e-06 4.69296e-07 -1.31980e-07 1.09633e+05
2.86080e+03 1.00000e+00 2.92682e-07 0.00000e+00 3.17251e-07 1.58651e-07 9.63654e-09 1.09633e+05
1.65710e+03 1.00000e+00 1.84461e-04 0.00000e+00 2.09055e-04 2.78463e-05 4.66129e-06 1.09633e+05
1.15930e+03 1.00000e+00 3.42294e-03 0.00000e+00 3.83753e-03 3.41907e-04 2.84029e-06 1.09633e+05
1.13110e+03 1.00000e+00 4.14008e-03 0.00000e+00 4.57230e-03 3.28507e-04 -6.33049e-05 1.09633e+05
2.48400e+03 1.00000e+00 2.14636e-06 0.00000e+00 2.31893e-06 7.88394e-07 -5.89200e-08 1.09633e+05
3.09750e+03 1.00000e+00 9.11095e-08 0.00000e+00 1.01181e-07 4.42537e-08 -1.32040e-08 1.09633e+05
2.69450e+03 1.00000e+00 7.01491e-07 0.00000e+00 7.82925e-07 3.05702e-07 -1.42664e-08 1.09633e+05
2.27190e+03 1.00000e+00 6.73576e-06 0.00000e+00 7.00693e-06 2.17081e-06 -4.18934e-07 1.09633e+05
1.23470e+03 1.00000e+00 2.09021e-03 0.00000e+00 2.49515e-03 2.14395e-04 -5.29922e-05 1.09633e+05
3.32250e+02 1.00000e+00 2.64995e+00 0.00000e+00 3.12934e+00 1.80824e-01 4.29503e-02 1.09633e+05
1.31560e+03 1.00000e+00 1.31377e-03 0.00000e+00 1.50147e-03 1.42455e-04 6.64577e-05 1.09633e+05
2.19840e+03 1.00000e+00 9.56641e-06 0.00000e+00 1.05720e-05 2.81699e-06 2.17514e-07 1.09633e+05
2.39060e+03 1.00000e+00 3.49805e-06 0.00000e+00 3.70179e-06 1.20903e-06 -2.23808e-08 1.09633e+05
4.26210e+02 1.00000e+00 8.77978e-01 0.00000e+00 1.07612e+00 4.86995e-02 -4.43568e-02 1.09633e+05
1.77790e+03 1.00000e+00 9.56227e-05 0.00000e+00 1.05926e-04 1.39141e-05 -1.19467e-05 1.09633e+05
2.55110e+03 1.00000e+00 1.51175e-06 0.00000e+00 1.59649e-06 6.19525e-07 -1.90358e-07 1.09633e+05
1.63280e+03 1.00000e+00 2.15797e-04 0.00000e+00 2.30972e-04 2.75890e-05 -7.65981e-06 1.09633e+05
2.44300e+03 1.00000e+00 2.52955e-06 0.00000e+00 2.91874e-06 1.03866e-06 -1.46557e-07 1.09633e+05
3.38410e+03 1.00000e+00 2.37672e-08 0.00000e+00 2.58544e-08 1.31449e-08 -2.88541e-09 1.09633e+05
1.18470e+03 1.00000e+00 2.94649e-03 0.00000e+00 3.17089e-03 2.90981e-04 1.85631e-04 1.09633e+05
3.34510e+03 1.00000e+00 2.90518e-08 0.00000e+00 3.15353e-08 1.60186e-08 -3.99177e-09 1.09633e+05
2.35010e+03 1.00000e+00 4.16793e-06 0.00000e+00 4.77189e-06 1.38899e-06 -8.13005e-09 1.09633e+05
2.59630e+03 1.00000e+00 1.15749e-06 0.00000e+00 1.30671e-06 4.55617e-07 -2.90086e-08 1.09633e+05
3.27010e+03 1.00000e+00 4.04574e-08 0.00000e+00 4.57514e-08 2.17461e-08 -3.41764e-09 1.09633e+05
5.21040e+02 1.00000e+00 3.41256e-01 0.00000e+00 4.09401e-01 2.01381e-02 3.42548e-03 1.09633e+05
9.91820e+02 1.00000e+00 9.78593e-03 0.00000e+00 1.14584e-02 8.80797e-04 -5.34813e-04 1.09633e+05
2.81390e+03 1.00000e+00 3.82611e-07 0.00000e+00 4.21734e-07 1.74954e-07 -4.01147e-08 1.09633e+05
2.64040e+02 1.00000e+00 6.57900e+00 0.00000e+00 7.98376e+00 3.10580e-01 2.17212e-01 1.09633e+05
9.83960e+02 1.00000e+00 1.04683e-02 0.00000e+00 1.19423e-02 8.75896e-04 -9.78709e-04 1.09633e+05
2.77500e+03 1.00000e+00 4.53173e-07 0.00000e+00 5.04493e-07 2.29895e-07 -2.61402e-08 1.09633e+05
1.15130e+03 1.00000e+00 3.57550e-03 0.00000e+00 4.11389e-03 3.04572e-04 -8.37935e-06 1.09633e+05
7.81110e+02 1.00000e+00 4.14310e-02 0.00000e+00 4.70397e-02 2.55132e-03 -8.51289e-06 1.09633e+05
2.32600e+03 1.00000e+00 4.95542e-06 0.00000e+00 5.65666e-06 1.56705e-06 2.06228e-07 1.09633e+05
2.59160e+03 1.00000e+00 1.22213e-06 0.00000e+00 1.31239e-06 4.60997e-07 -1.51232e-07 1.09633e+05
4.04780e+02 1.00000e+00 1.12976e+00 0.00000e+00 1.32399e+00 5.91803e-02 -7.96128e-02 1.09633e+05
5.64790e+02 1.00000e+00 2.38206e-01 0.00000e+00 2.76344e-01 1.31327e-02 1.21028e-02 1.09633e+05
3.39020e+03 1.00000e+00 2.24687e-08 0.00000e+00 2.55903e-08 1.22190e-08 -3.34466e-09 1.09633e+05
3.47360e+03 1.00000e+00 1.63500e-08 0.00000e+00 1.81235e-08 9.48665e-09 -2.61346e-09 1.09633e+05
1.82300e+03 1.00000e+00 7.31336e-05 0.00000e+00 8.14726e-05 1.43391e-05 -6.65891e-06 1.09633e+05
3.37590e+03 1.00000e+00 2.54655e-08 0.00000e+00 2.71114e-08 1.46925e-08 -6.91646e-10 1.09633e+05
7.96630e+02 1.00000e+00 3.81765e-02 0.00000e+00 4.63016e-02 2.63154e-03 -2.16966e-03 1.09633e+05
3.13960e+03 1.00000e+00 7.54306e-08 0.00000e+00 7.98478e-08 4.00299e-08 -1.20144e-08 1.09633e+05
2.54300e+03 1.00000e+00 1.56162e-06 0.00000e+00 1.66985e-06 5.79044e-07 -7.14989e-08 1.09633e+05
1.01600e+03 1.00000e+00 8.38276e-03 0.00000e+00 9.35407e-03 7.75754e-04 4.58888e-04 1.09633e+05
1.59070e+03 1.00000e+00 2.66167e-04 0.00000e+00 3.04113e-04 3.72061e-05 8.49227e-06 1.09633e+05
3.06290e+03 1.00000e+00 1.05888e-07 0.00000e+00 1.25743e-07 5.44692e-08 -9.15932e-09 1.09633e+05
2.57110e+03 1.00000e+00 1.28921e-06 0.00000e+00 1.48024e-06 4.93241e-07 -4.22405e-08 1.09633e+05
3.50440e+03 1.00000e+00 1.42913e-08 0.00000e+00 1.59457e-08 8.28884e-09 -1.43336e-09 1.09633e+05
1.13580e+03 1.00000e+00 3.75766e-03 0.00000e+00 4.52704e-03 3.17235e-04 -1.63955e-04 1.09633e+05
2.85640e+03 1.00000e+00 3.10092e-07 0.00000e+00 3.23822e-07 1.59108e-07 -1.74900e-08 1.09633e+05
3.29400e+03 1.00000e+00 3.47407e-08 0.00000e+00 4.00166e-08 2.03191e-08 -2.38727e-09 1.09633e+05
5.70780e+02 1.00000e+00 2.18523e-01 0.00000e+00 2.62064e-01 1.44066e-02 -1.04039e-02 1.09633e+05
2.54070e+03 1.00000e+00 1.55657e-06 0.00000e+00 1.65834e-06 6.52864e-07 -9.43557e-08 1.09633e+05
1.68090e+03 1.00000e+00 1.62221e-04 0.00000e+00 1.77758e-04 2.39794e-05 -1.30515e-05 1.09633e+05
1.91040e+02 1.00000e+00 2.17390e+01 0.00000e+00 2.79655e+01 1.55612e+00 9.11399e-01 1.09633e+05
2.40100e+03 1.00000e+00 3.27017e-06 0.00000e+00 3.53077e-06 1.19258e-06 -1.72102e-07 1.09633e+05
3.16980e+03 1.00000e+00 6.38804e-08 0.00000e+00 7.14328e-08 3.68156e-08 -6.87987e-09 1.09633e+05
1.80500e+03 1.00000e+00 8.20268e-05 0.00000e+00 9.05892e-05 1.60079e-05 -6.84738e-06 1.09633e+05
2.61860e+03 1.00000e+00 1.04234e-06 0.00000e+00 1.14265e-06 4.22212e-07 -3.22431e-08 1.09633e+05
1.78000e+03 1.00000e+00 9.36175e-05 0.00000e+00 1.03189e-04 1.48661e-05 -1.67305e-06 1.09633e+05
2.00320e+02 1.00000e+00 1.85923e+01 0.00000e+00 2.36103e+01 1.26279e+00 -2.07917e-01 1.09633e+05
2.42010e+03 1.00000e+00 3.05438e-06 0.00000e+00 3.28400e-06 1.12452e-06 -1.78178e-07 1.09633e+05
3.14560e+03 1.00000e+00 7.24002e-08 0.00000e+00 7.77110e-08 3.80361e-08 -8.73412e-09 1.09633e+05
3.14220e+03 1.00000e+00 7.66027e-08 0.00000e+00 8.05855e-08 4.02120e-08 -8.47924e-09 1.09633e+05
3.31690e+03 1.00000e+00 3.20923e-08 0.00000e+00 3.47793e-08 1.68446e-08 -5.81347e-09 1.09633e+05
3.32470e+02 1.00000e+00 2.59078e+00 0.00000e+00 3.09098e+00 1.22712e-01 4.11280e-02 1.09633e+05
1.85530e+03 1.00000e+00 6.01332e-05 0.00000e+00 7.18491e-05 1.08835e-05 1.68590e-06 1.09633e+05
2.22630e+03 1.00000e+00 8.34273e-06 0.00000e+00 9.42258e-06 2.62948e-06 -6.16665e-08 1.09633e+05
1.12920e+03 1.00000e+00 4.14683e-03 0.00000e+00 4.37992e-03 4.16238e-04 2.02144e-04 1.09633e+05
1.44680e+02 1.00000e+00 6.28010e+01 0.00000e+00 7.44656e+01 4.12551e+00 -3.27853e+00 1.09633e+05
1.88840e+03 1.00000e+00 5.23556e-05 0.00000e+00 5.71953e-05 1.07806e-05 -5.78052e-07 1.09633e+05
2.86200e+03 1.00000e+00 2.97041e-07 0.00000e+00 3.21238e-07 1.56540e-07 -3.14401e-08 1.09633e+05
9.25040e+02 1.00000e+00 1.46867e-02 0.00000e+00 1.80688e-02 1.32384e-03 7.80931e-04 1.09633e+05
3.10560e+03 1.00000e+00 8.75881e-08 0.00000e+00 9.89562e-08 4.89855e-08 -1.06140e-08 1.09633e+05
2.46440e+03 1.00000e+00 2.33066e-06 0.00000e+00 2.59969e-06 9.18082e-07 -1.94043e-07 1.09633e+05
7.52060e+02 1.00000e+00 5.35807e-02 0.00000e+00 5.93926e-02 3.42271e-03 -5.68433e-04 1.09633e+05
9.99650e+02 1.00000e+00 8.96010e-03 0.00000e+00 1.07190e-02 9.08451e-04 -2.01516e-04 1.09633e+05
3.44970e+02 1.00000e+00 2.21699e+00 0.00000e+00 2.65649e+00 1.36472e-01 -1.34301e-01 1.09633e+05
2.76180e+03 1.00000e+00 4.93536e-07 0.00000e+00 5.29058e-07 2.51173e-07 -3.94982e-08 1.09633e+05
1.58130e+03 1.00000e+00 2.72453e-04 0.00000e+00 3.11658e-04 4.05125e-05 -4.90294e-06 1.09633e+05
3.37980e+03 1.00000e+00 2.39478e-08 0.00000e+00 2.79399e-08 1.47955e-08 -2.01465e-09 1.09633e+05
1.53400e+03 1.00000e+00 3.70685e-04 0.00000e+00 4.22947e-04 4.83894e-05 -1.63237e-05 1.09633e+05
6.67450e+02 1.00000e+00 9.99402e-02 0.00000e+00 1.19172e-01 5.93658e-03 2.02801e-03 1.09633e+05
1.02200e+03 1.00000e+00 8.24379e-03 0.00000e+00 9.40392e-03 7.23325e-04 -5.47945e-04 1.09633e+05
1.05240e+03 1.00000e+00 6.50932e-03 0.00000e+00 7.42168e-03 5.97045e-04 -4.78662e-04 1.09633e+05
1.93590e+03 1.00000e+00 4.06588e-05 0.00000e+00 4.45356e-05 8.86320e-06 1.75808e-07 1.09633e+05
1.32430e+03 1.00000e+00 1.21975e-03 0.00000e+00 1.40175e-03 1.11258e-04 2.61376e-05 1.09633e+05
2.38090e+03 1.00000e+00 3.63514e-06 0.00000e+00 3.97934e-06 1.21034e-06 -6.27088e-08 1.09633e+05
1.97570e+03 1.00000e+00 3.32535e-05 0.00000e+00 3.65294e-05 6.77166e-06 -4.00408e-07 1.09633e+05
7.89170e+02 1.00000e+00 4.07174e-02 0.00000e+00 4.67984e-02 2.55276e-03 -3.31496e-04 1.09633e+05
3.16610e+03 1.00000e+00 6.37886e-08 0.00000e+00 7.16758e-08 3.44939e-08 -6.01212e-09 1.09633e+05
7.73840e+02 1.00000e+00 4.57217e-02 0.00000e+00 5.16229e-02 2.99769e-03 4.55375e-04 1.09633e+05
2.40860e+03 1.00000e+00 3.17853e-06 0.00000e+00 3.47608e-06 1.10718e-06 1.29796e-07 1.09633e+05
2.57570e+03 1.00000e+00 1.29851e-06 0.00000e+00 1.43307e-06 5.22818e-07 -1.72122e-08 1.09633e+05
1.34400e+03 1.00000e+00 1.13204e-03 0.00000e+00 1.22808e-03 1.26301e-04 -8.56965e-05 1.09633e+05
2.70010e+03 1.00000e+00 6.77668e-07 0.00000e+00 7.30498e-07 3.05063e-07 -5.07013e-08 1.09633e+05
3.62460e+02 1.00000e+00 1.72502e+00 0.00000e+00 2.13624e+00 1.13709e-01 -4.63518e-02 1.09633e+05
1.41760e+03 1.00000e+00 7.50827e-04 0.00000e+00 7.99962e-04 7.73434e-05 -2.65881e-05 1.09633e+05
3.15860e+03 1.00000e+00 6.98692e-08 0.00000e+00 7.51489e-08 3.81500e-08 -6.22794e-09 1.09633e+05
3.99250e+02 1.00000e+00 1.16185e+00 0.00000e+00 1.41608e+00 6.30310e-02 -1.97399e-03 1.09633e+05
5.03030e+02 1.00000e+00 4.03883e-01 0.00000e+00 4.87738e-01 2.37876e-02 -1.35488e-02 1.09633e+05
2.81440e+03 1.00000e+00 3.90091e-07 0.00000e+00 4.19400e-07 1.88080e-07 -3.49411e-08 1.09633e+05
1.58880e+03 1.00000e+00 2.67153e-04 0.00000e+00 3.10975e-04 4.00069e-05 -4.49937e-06 1.09633e+05
2.02270e+03 1.00000e+00 2.56293e-05 0.00000e+00 2.77640e-05 6.19025e-06 -1.88110e-06 1.09633e+05
2.80020e+03 1.00000e+00 4.08344e-07 0.00000e+00 4.46982e-07 1.94467e-07 -7.90353e-09 1.09633e+05
2.82780e+03 1.00000e+00 3.58118e-07 0.00000e+00 3.81747e-07 1.75986e-07 3.31599e-09 1.09633e+05
3.23080e+03 1.00000e+00 4.96317e-08 0.00000e+00 5.35462e-08 2.61104e-08 -4.81201e-09 1.09633e+05
3.02990e+03 1.00000e+00 1.27491e-07 0.00000e+00 1.39391e-07 6.99045e-08 -4.04480e-09 1.09633e+05
6.04150e+02 1.00000e+00 1.69353e-01 0.00000e+00 1.91216e-01 9.51694e-03 1.08492e-03 1.09633e+05
2.99120e+03 1.00000e+00 1.44856e-07 0.00000e+00 1.67786e-07 7.81206e-08 -1.72082e-08 1.09633e+05
2.59800e+03 1.00000e+00 1.16625e-06 0.00000e+00 1.30968e-06 4.73108e-07 -1.25915e-07 1.09633e+05
3.19940e+03 1.00000e+00 5.61036e-08 0.00000e+00 6.25721e-08 3.09878e-08 -7.94307e-09 1.09633e+05
1.08370e+03 1.00000e+00 5.38650e-03 0.00000e+00 6.50584e-03 4.23543e-04 -1.09246e-04 1.09633e+05
3.22710e+03 1.00000e+00 5.13066e-08 0.00000e+00 5.41311e-08 2.53919e-08 -3.99310e-09 1.09633e+05
1.13480e+03 1.00000e+00 3.81748e-03 0.00000e+00 4.68463e-03 3.59503e-04 5.73499e-05 1.09633e+05
3.29510e+03 1.00000e+00 3.57714e-08 0.00000e+00 3.95737e-08 1.84878e-08 -3.94254e-09 1.09633e+05
2.65850e+03 1.00000e+00 8.60528e-07 0.00000e+00 9.21678e-07 3.52784e-07 -1.17058e-08 1.09633e+05
1.03640e+03 1.00000e+00 7.52541e-03 0.00000e+00 8.43208e-03 6.79497e-04 2.78240e-04 1.09633e+05
3.05210e+03 1.00000e+00 1.15222e-07 0.00000e+00 1.26344e-07 6.30534e-08 -1.34607e-08 1.09633e+05
7.71990e+02 1.00000e+00 4.67507e-02 0.00000e+00 5.28055e-02 2.95401e-03 2.29570e-03 1.09633e+05
8.18820e+02 1.00000e+00 3.14412e-02 0.00000e+00 3.61391e-02 2.85333e-03 -8.72841e-04 1.09633e+05
8.10450e+02 1.00000e+00 3.29482e-02 0.00000e+00 3.82670e-02 2.52285e-03 2.66667e-03 1.09633e+05
1.60400e+03 1.00000e+00 2.43509e-04 0.00000e+00 2.78872e-04 3.63439e-05 -1.24604e-05 1.09633e+05
3.07900e+03 1.00000e+00 1.01171e-07 0.00000e+00 1.10009e-07 5.46241e-08 -8.60722e-09 1.09633e+05
1.65850e+03 1.00000e+00 1.81389e-04 0.00000e+00 2.12944e-04 2.54939e-05 9.23515e-06 1.09633e+05
3.46140e+03 1.00000e+00 1.69875e-08 0.00000e+00 1.88839e-08 1.04077e-08 -3.25233e-09 1.09633e+05
1.82050e+03 1.00000e+00 7.51208e-05 0.00000e+00 8.53950e-05 1.37614e-05 2.59858e-07 1.09633e+05
3.06710e+03 1.00000e+00 1.07572e-07 0.00000e+00 1.15663e-07 6.07532e-08 -3.59106e-09 1.09633e+05
4.00120e+02 1.00000e+00 1.14652e+00 0.00000e+00 1.39142e+00 7.26407e-02 -2.40238e-03 1.09633e+05
2.24550e+03 1.00000e+00 7.41220e-06 0.00000e+00 8.41780e-06 2.27656e-06 1.11021e-07 1.09633e+05
8.63630e+02 1.00000e+00 2.35778e-02 0.00000e+00 2.63030e-02 1.86347e-03 -6.55207e-04 1.09633e+05
2.64180e+03 1.00000e+00 9.54544e-07 0.00000e+00 1.02478e-06 3.99736e-07 -4.33039e-08 1.09633e+05
2.56900e+03 1.00000e+00 1.31550e-06 0.00000e+00 1.49483e-06 5.54897e-07 2.15242e-08 1.09633e+05
1.07930e+03 1.00000e+00 5.45742e-03 0.00000e+00 6.46963e-03 4.90924e-04 -7.74898e-05 1.09633e+05
3.30960e+03 1.00000e+00 3.36806e-08 0.00000e+00 3.77195e-08 1.81930e-08 -3.96910e-09 1.09633e+05
1.38860e+03 1.00000e+00 8.47243e-04 0.00000e+00 1.00017e-03 9.22377e-05 -1.30293e-07 1.09633e+05
2.50510e+03 1.00000e+00 1.90538e-06 0.00000e+00 2.04161e-06 7.45689e-07 3.43312e-08 1.09633e+05
2.80440e+03 1.00000e+00 4.02567e-07 0.00000e+00 4.31286e-07 2.03223e-07 -2.97348e-08 1.09633e+05
2.18690e+03 1.00000e+00 1.05302e-05 0.00000e+00 1.12255e-05 2.64090e-06 2.49754e-07 1.09633e+05
2.67210e+03 1.00000e+00 7.79193e-07 0.00000e+00 8.61732e-07 3.44490e-07 -2.90729e-08 1.09633e+05
2.97750e+03 1.00000e+00 1.73693e-07 0.00000e+00 1.84372e-07 9.47110e-08 -1.58115e-08 1.09633e+05
1.65050e+03 1.00000e+00 1.86566e-04 0.00000e+00 2.17468e-04 2.68768e-05 -2.44187e-06 1.09633e+05
1.20780e+03 1.00000e+00 2.46472e-03 0.00000e+00 2.96065e-03 2.09296e-04 -1.77812e-04 1.09633e+05
6.09580e+02 1.00000e+00 1.60067e-01 0.00000e+00 1.87055e-01 8.67080e-03 -3.43447e-03 1.09633e+05
5.27880e+02 1.00000e+00 3.32828e-01 0.00000e+00 3.85139e-01 1.73512e-02 7.52995e-03 1.09633e+05
6.48370e+02 1.00000e+00 1.16736e-01 0.00000e+00 1.36914e-01 8.16512e-03 -3.73760e-03 1.09633e+05
6.98190e+02 1.00000e+00 8.03036e-02 0.00000e+00 9.18177e-02 5.16995e-03 1.24137e-03 1.09633e+05
3.37130e+03 1.00000e+00 2.45952e-08 0.00000e+00 2.76956e-08 1.55179e-08 -1.30719e-09 1.09633e+05
1.68140e+03 1.00000e+00 1.55623e-04 0.00000e+00 1.78511e-04 2.54339e-05 1.69477e-05 1.09633e+05
2.57240e+03 1.00000e+00 1.39008e-06 0.00000e+00 1.47709e-06 5.45050e-07 -9.15244e-08 1.09633e+05
1.36210e+03 1.00000e+00 9.89404e-04 0.00000e+00 1.14090e-03 1.09575e-04 -8.18960e-05 1.09633e+05
9.43220e+02 1.00000e+00 1.34078e-02 0.00000e+00 1.55208e-02 9.98595e-04 2.43289e-04 1.09633e+05
6.57800e+02 1.00000e+00 1.09070e-01 0.00000e+00 1.30099e-01 7.07339e-03 3.04874e-03 1.09633e+05
3.14760e+03 1.00000e+00 7.25987e-08 0.00000e+00 8.06232e-08 3.85182e-08 -6.19173e-09 1.09633e+05
1.32110e+03 1.00000e+00 1.26255e-03 0.00000e+00 1.41805e-03 1.28096e-04 -3.42161e-05 1.09633e+05
2.34110e+03 1.00000e+00 4.54965e-06 0.00000e+00 4.98846e-06 1.48618e-06 -5.94422e-08 1.09633e+05
2.21790e+03 1.00000e+00 9.07013e-06 0.00000e+00 9.93637e-06 2.56271e-06 -6.98459e-07 1.09633e+05
2.25470e+03 1.00000e+00 7.27537e-06 0.00000e+00 7.84365e-06 2.18199e-06 -9.44396e-08 1.09633e+05
3.41540e+03 1.00000e+00 2.16612e-08 0.00000e+00 2.28227e-08 1.20680e-08 -2.02363e-09 1.09633e+05
6.91790e+02 1.00000e+00 8.23870e-02 0.00000e+00 9.72810e-02 4.96948e-03 -2.16950e-03 1.09633e+05
2.44500e+03 1.00000e+00 2.64207e-06 0.00000e+00 2.75069e-06 9.48039e-07 -1.79595e-07 1.09633e+05
4.38350e+02 1.00000e+00 7.88465e-01 0.00000e+00 9.38441e-01 4.69339e-02 1.13228e-02 1.09633e+05
9.30860e+02 1.00000e+00 1.45865e-02 0.00000e+00 1.66716e-02 1.39651e-03 -2.22145e-04 1.09633e+05
1.92270e+03 1.00000e+00 4.38317e-05 0.00000e+00 4.65798e-05 8.95586e-06 1.17675e-06 1.09633e+05
1.97470e+03 1.00000e+00 3.15153e-05 0.00000e+00 3.77776e-05 6.68126e-06 1.42856e-06 1.09633e+05
1.30300e+03 1.00000e+00 1.40230e-03 0.00000e+00 1.63101e-03 1.42487e-04 -2.75078e-05 1.09633e+05
1.28030e+03 1.00000e+00 1.66052e-03 0.00000e+00 1.86195e-03 1.75946e-04 5.40959e-05 1.09633e+05
2.33220e+03 1.00000e+00 4.74669e-06 0.00000e+00 5.09047e-06 1.56824e-06 -1.56852e-07 1.09633e+05
2.82610e+03 1.00000e+00 3.52445e-07 0.00000e+00 3.96704e-07 1.79448e-07 -1.62869e-08 1.09633e+05
1.51820e+02 1.00000e+00 4.98603e+01 0.00000e+00 6.47483e+01 4.20308e+00 2.69447e+00 1.09633e+05
1.50460e+03 1.00000e+00 4.48243e-04 0.00000e+00 4.87877e-04 6.06056e-05 -1.56054e-05 1.09633e+05
2.08840e+03 1.00000e+00 1.75666e-05 0.00000e+00 1.90228e-05 4.60132e-06 -4.26788e-07 1.09633e+05
3.20800e+03 1.00000e+00 5.37150e-08 0.00000e+00 6.12652e-08 2.85200e-08 -4.73484e-09 1.09633e+05
9.37690e+02 1.00000e+00 1.45695e-02 0.00000e+00 1.61555e-02 1.21665e-03 -1.66854e-04 1.09633e+05
1.47310e+03 1.00000e+00 5.23037e-04 0.00000e+00 6.19608e-04 6.20463e-05 4.47915e-05 1.09633e+05
2.98690e+03 1.00000e+00 1.53750e-07 0.00000e+00 1.75018e-07 8.33135e-08 -8.60375e-09 1.09633e+05
9.89380e+02 1.00000e+00 1.01076e-02 0.00000e+00 1.14282e-02 1.02295e-03 -4.34733e-04 1.09633e+05
3.94940e+02 1.00000e+00 1.25392e+00 0.00000e+00 1.47786e+00 8.80088e-02 3.49501e-02 1.09633e+05
2.15440e+03 1.00000e+00 1.27252e-05 0.00000e+00 1.33713e-05 3.24016e-06 -5.22203e-07 1.09633e+05
7.63460e+02 1.00000e+00 4.85167e-02 0.00000e+00 5.51121e-02 2.75820e-03 -1.03522e-03 1.09633e+05
2.84660e+03 1.00000e+00 3.18810e-07 0.00000e+00 3.56014e-07 1.56911e-07 -2.61854e-08 1.09633e+05
1.38310e+03 1.00000e+00 8.41732e-04 0.00000e+00 9.85711e-04 9.87593e-05 -1.96335e-06 1.09633e+05
1.85820e+03 1.00000e+00 6.06425e-05 0.00000e+00 7.11696e-05 1.11374e-05 -4.04942e-06 1.09633e+05
1.88470e+03 1.00000e+00 5.20136e-05 0.00000e+00 5.84652e-05 9.47321e-06 4.06230e-06 1.09633e+05
1.62920e+03 1.00000e+00 2.21012e-04 0.00000e+00 2.49403e-04 3.32317e-05 6.83771e-06 1.09633e+05
1.82970e+03 1.00000e+00 7.55272e-05 0.00000e+00 7.99763e-05 1.30324e-05 -4.82264e-07 1.09633e+05
4.94520e+02 1.00000e+00 4.41607e-01 0.00000e+00 5.31847e-01 2.47105e-02 -2.28830e-02 1.09633e+05
3.76780e+02 1.00000e+00 1.48615e+00 0.00000e+00 1.82736e+00 9.68885e-02 7.55886e-03 1.09633e+05
1.10060e+03 1.00000e+00 4.80066e-03 0.00000e+00 5.62309e-03 5.11377e-04 2.39061e-04 1.09633e+05
1.64440e+03 1.00000e+00 1.98781e-04 0.00000e+00 2.22547e-04 2.79766e-05 4.29484e-07 1.09633e+05
2.51740e+03 1.00000e+00 1.81145e-06 0.00000e+00 1.94833e-06 6.90099e-07 6.50237e-08 1.09633e+05
1.35860e+03 1.00000e+00 1.00196e-03 0.00000e+00 1.17103e-03 1.01904e-04 7.97678e-05 1.09633e+05
3.05180e+03 1.00000e+00 1.17635e-07 0.00000e+00 1.25567e-07 5.81649e-08 -6.42712e-09 1.09633e+05
4.59100e+02 1.00000e+00 6.54064e-01 0.00000e+00 7.48147e-01 3.53565e-02 -1.79484e-02 1.09633e+05
1.94430e+03 1.00000e+00 3.68035e-05 0.00000e+00 4.28757e-05 7.36773e-06 -1.28261e-07 1.09633e+05
1.04410e+03 1.00000e+00 7.13365e-03 0.00000e+00 7.93448e-03 6.48297e-04 -3.85546e-04 1.09633e+05
2.86870e+03 1.00000e+00 2.74714e-07 0.00000e+00 3.14174e-07 1.52752e-07 3.72890e-10 1.09633e+05
2.87390e+03 1.00000e+00 2.79984e-07 0.00000e+00 2.98927e-07 1.44707e-07 -2.01944e-08 1.09633e+05
1.63600e+03 1.00000e+00 2.10402e-04 0.00000e+00 2.31386e-04 3.13112e-05 1.71268e-06 1.09633e+05
1.45840e+03 1.00000e+00 5.70465e-04 0.00000e+00 6.27059e-04 7.30527e-05 8.36027e-07 1.09633e+05
1.66700e+03 1.00000e+00 1.72709e-04 0.00000e+00 1.94711e-04 2.76655e-05 -3.50654e-06 1.09633e+05
1.01180e+03 1.00000e+00 8.34370e-03 0.00000e+00 9.37324e-03 8.49475e-04 4.18496e-04 1.09633e+05
2.56040e+02 1.00000e+00 7.11052e+00 0.00000e+00 8.99326e+00 4.25226e-01 -9.86972e-03 1.09633e+05
2.55820e+03 1.00000e+00 1.43859e-06 0.00000e+00 1.58731e-06 6.18064e-07 -1.05255e-07 1.09633e+05
2.96210e+03 1.00000e+00 1.77960e-07 0.00000e+00 1.91640e-07 9.11534e-08 -1.65461e-08 1.09633e+05
3.09340e+03 1.00000e+00 9.47417e-08 0.00000e+00 1.04427e-07 5.52329e-08 -8.67763e-09 1.09633e+05
1.06400e+03 1.00000e+00 6.35726e-03 0.00000e+00 7.40324e-03 5.14154e-04 -2.88392e-04 1.09633e+05
7.84030e+02 1.00000e+00 4.15729e-02 0.00000e+00 4.82986e-02 2.52870e-03 1.62309e-04 1.09633e+05
2.95870e+03 1.00000e+00 1.73929e-07 0.00000e+00 2.00456e-07 9.79599e-08 -1.05906e-08 1.09633e+05
2.90860e+03 1.00000e+00 2.37560e-07 0.00000e+00 2.58857e-07 1.25934e-07 -1.77489e-08 1.09633e+05
1.29850e+03 1.00000e+00 1.40662e-03 0.00000e+00 1.67604e-03 1.31208e-04 -1.64607e-05 1.09633e+05
1.03460e+03 1.00000e+00 7.24428e-03 0.00000e+00 8.60938e-03 6.09456e-04 -2.61927e-04 1.09633e+05
1.31530e+03 1.00000e+00 1.36470e-03 0.00000e+00 1.51826e-03 1.29130e-04 6.15110e-05 1.09633e+05
9.16370e+02 1.00000e+00 1.56343e-02 0.00000e+00 1.85137e-02 1.22344e-03 -4.06320e-04 1.09633e+05
3.39290e+03 1.00000e+00 2.27922e-08 0.00000e+00 2.60187e-08 1.15400e-08 -2.82683e-09 1.09633e+05
5.59500e+02 1.00000e+00 2.43296e-01 0.00000e+00 2.83391e-01 1.40576e-02 1.17193e-02 1.09633e+05
2.84250e+03 1.00000e+00 3.16119e-07 0.00000e+00 3.67048e-07 1.62392e-07 -2.28847e-08 1.09633e+05
2.63210e+03 1.00000e+00 9.85300e-07 0.00000e+00 1.02306e-06 4.23221e-07 3.06488e-09 1.09633e+05
2.52930e+03 1.00000e+00 1.70109e-06 0.00000e+00 1.84109e-06 6.52723e-07 -1.14068e-07 1.09633e+05
1.01110e+03 1.00000e+00 8.50547e-03 0.00000e+00 9.79606e-03 8.80753e-04 6.13122e-04 1.09633e+05
2.88870e+03 1.00000e+00 2.55971e-07 0.00000e+00 2.88021e-07 1.32252e-07 -8.04271e-09 1.09633e+05
1.33480e+03 1.00000e+00 1.17911e-03 0.00000e+00 1.24519e-03 1.18207e-04 3.05818e-05 1.09633e+05
5.33840e+02 1.00000e+00 3.10124e-01 0.00000e+00 3.65501e-01 1.44908e-02 4.28683e-03 1.09633e+05
2.52010e+03 1.00000e+00 1.78039e-06 0.00000e+00 1.92186e-06 6.86191e-07 -1.14646e-07 1.09633e+05
8.73350e+02 1.00000e+00 2.16736e-02 0.00000e+00 2.55272e-02 1.79764e-03 5.56192e-04 1.09633e+05
2.37350e+03 1.00000e+00 3.81890e-06 0.00000e+00 4.14245e-06 1.29912e-06 1.76811e-07 1.09633e+05
1.29520e+03 1.00000e+00 1.50865e-03 0.00000e+00 1.70471e-03 1.51363e-04 1.98973e-05 1.09633e+05
2.60960e+03 1.00000e+00 1.09260e-06 0.00000e+00 1.23243e-06 4.42587e-07 -6.42566e-08 1.09633e+05
2.82040e+03 1.00000e+00 3.64735e-07 0.00000e+00 3.89387e-07 1.83881e-07 -9.82272e-09 1.09633e+05
3.26970e+02 1.00000e+00 2.71753e+00 0.00000e+00 3.38299e+00 1.48224e-01 -3.50820e-02 1.09633e+05
4.04400e+02 1.00000e+00 1.11444e+00 0.00000e+00 1.32657e+00 5.84125e-02 -4.63469e-02 1.09633e+05
3.47900e+03 1.00000e+00 1.58948e-08 0.00000e+00 1.82486e-08 7.91557e-09 -1.20073e-09 1.09633e+05
1.34060e+03 1.00000e+00 1.12839e-03 0.00000e+00 1.28757e-03 1.01298e-04 1.01985e-05 1.09633e+05
2.28340e+03 1.00000e+00 6.25388e-06 0.00000e+00 6.52319e-06 1.94883e-06 -3.63816e-07 1.09633e+05
1.75410e+03 1.00000e+00 1.10618e-04 0.00000e+00 1.19153e-04 1.85535e-05 3.23510e-06 1.09633e+05
6.09900e+02 1.00000e+00 1.60165e-01 0.00000e+00 1.86678e-01 7.47771e-03 -3.80484e-04 1.09633e+05
2.11730e+03 1.00000e+00 1.53416e-05 0.00000e+00 1.70836e-05 3.83906e-06 -1.72109e-07 1.09633e+05
2.90640e+03 1.00000e+00 2.27557e-07 0.00000e+00 2.55807e-07 1.24220e-07 -2.09901e-08 1.09633e+05
2.33810e+03 1.00000e+00 4.46439e-06 0.00000e+00 5.03926e-06 1.60709e-06 -5.49583e-08 1.09633e+05
3.47060e+03 1.00000e+00 1.65703e-08 0.00000e+00 1.80609e-08 8.62637e-09 -2.20763e-09 1.09633e+05
3.38330e+03 1.00000e+00 2.41737e-08 0.00000e+00 2.68506e-08 1.17081e-08 -1.68233e-09 1.09633e+05
5.64190e+02 1.00000e+00 2.38077e-01 0.00000e+00 2.71814e-01 1.39769e-02 -6.97483e-03 1.09633e+05
2.20320e+03 1.00000e+00 9.73526e-06 0.00000e+00 1.05256e-05 2.69744e-06 3.09553e-07 1.09633e+05
1.66310e+03 1.00000e+00 1.78183e-04 0.00000e+00 1.97395e-04 2.77586e-05 -1.88757e-05 1.09633e+05
3.09280e+03 1.00000e+00 8.91367e-08 0.00000e+00 1.00427e-07 4.98691e-08 -1.21368e-08 1.09633e+05
2.34100e+03 1.00000e+00 4.62068e-06 0.00000e+00 4.82178e-06 1.52713e-06 -1.84738e-07 1.09633e+05
1.74370e+03 1.00000e+00 1.14841e-04 0.00000e+00 1.24388e-04 1.94378e-05 -4.53636e-06 1.09633e+05
3.02860e+03 1.00000e+00 1.25723e-07 0.00000e+00 1.44591e-07 7.01115e-08 -9.14962e-09 1.09633e+05
9.76320e+02 1.00000e+00 1.07465e-02 0.00000e+00 1.21849e-02 1.02178e-03 -3.50212e-04 1.09633e+05
1.53050e+03 1.00000e+00 3.81858e-04 0.00000e+00 4.35017e-04 4.66013e-05 -1.60830e-06 1.09633e+05
1.52650e+03 1.00000e+00 3.84732e-04 0.00000e+00 4.24292e-04 4.79282e-05 1.13171e-05 1.09633e+05
1.56380e+03 1.00000e+00 3.00832e-04 0.00000e+00 3.41270e-04 4.01605e-05 1.13931e-06 1.09633e+05
1.72400e+03 1.00000e+00 1.26470e-04 0.00000e+00 1.42210e-04 2.10164e-05 5.15990e-06 1.09633e+05
3.34920e+03 1.00000e+00 2.81220e-08 0.00000e+00 3.07909e-08 1.43238e-08 -3.28697e-09 1.09633e+05
1.52700e+03 1.00000e+00 3.87926e-04 0.00000e+00 4.25765e-04 4.74421e-05 -2.78782e-06 1.09633e+05
2.08100e+03 1.00000e+00 1.86336e-05 0.00000e+00 2.06159e-05 4.63811e-06 -8.48061e-07 1.09633e+05
3.43520e+03 1.00000e+00 1.88997e-08 0.00000e+00 2.07008e-08 1.11957e-08 -3.01213e-09 1.09633e+05
3.36350e+03 1.00000e+00 2.73354e-08 0.00000e+00 2.88327e-08 1.44729e-08 -3.00810e-09 1.09633e+05
2.51490e+03 1.00000e+00 1.74360e-06 0.00000e+00 1.96825e-06 7.17780e-07 -2.02101e-07 1.09633e+05
2.92050e+03 1.00000e+00 2.18735e-07 0.00000e+00 2.46405e-07 1.21400e-07 -3.26803e-08 1.09633e+05
2.18940e+03 1.00000e+00 1.00891e-05 0.00000e+00 1.11888e-05 2.78008e-06 2.84262e-07 1.09633e+05
8.79310e+02 1.00000e+00 2.06242e-02 0.00000e+00 2.36721e-02 1.41342e-03 -1.23640e-03 1.09633e+05
4.84390e+02 1.00000e+00 5.10394e-01 0.00000e+00 5.85832e-01 2.32639e-02 1.84501e-03 1.09633e+05
1.09040e+03 1.00000e+00 5.17660e-03 0.00000e+00 5.86792e-03 4.72359e-04 -2.12367e-04 1.09633e+05
1.22720e+03 1.00000e+00 2.27778e-03 0.00000e+00 2.59810e-03 2.15606e-04 3.84953e-05 1.09633e+05
6.88350e+02 1.00000e+00 8.72345e-02 0.00000e+00 1.00129e-01 5.39366e-03 -2.53824e-03 1.09633e+05
3.08940e+03 1.00000e+00 9.58916e-08 0.00000e+00 1.07064e-07 5.20107e-08 -7.81612e-09 1.09633e+05
2.85000e+03 1.00000e+00 3.20856e-07 0.00000e+00 3.34024e-07 1.54154e-07 -1.45842e-08 1.09633e+05
1.71650e+03 1.00000e+00 1.29798e-04 0.00000e+00 1.47695e-04 1.89372e-05 -1.70251e-05 1.09633e+05
1.76980e+03 1.00000e+00 1.00674e-04 0.00000e+00 1.10516e-04 1.67853e-05 -3.33935e-06 1.09633e+05
1.24030e+03 1.00000e+00 2.08397e-03 0.00000e+00 2.30516e-03 2.00968e-04 8.02655e-06 1.09633e+05
3.46690e+03 1.00000e+00 1.67604e-08 0.00000e+00 1.81493e-08 9.58259e-09 -1.82655e-09 1.09633e+05
2.01600e+03 1.00000e+00 2.61363e-05 0.00000e+00 2.82971e-05 5.91337e-06 -1.92575e-06 1.09633e+05
7.61500e+02 1.00000e+00 4.93463e-02 0.00000e+00 5.61046e-02 3.27523e-03 -1.25667e-03 1.09633e+05
3.54610e+02 1.00000e+00 2.03346e+00 0.00000e+00 2.33939e+00 9.22494e-02 1.89111e-02 1.09633e+05
1.57010e+03 1.00000e+00 2.96716e-04 0.00000e+00 3.39464e-04 3.77288e-05 -1.24040e-06 1.09633e+05
1.44490e+03 1.00000e+00 6.07939e-04 0.00000e+00 7.11724e-04 7.12815e-05 2.89415e-05 1.09633e+05
2.59770e+03 1.00000e+00 1.18643e-06 0.00000e+00 1.27403e-06 5.03886e-07 -3.79568e-08 1.09633e+05
5.99190e+02 1.00000e+00 1.82090e-01 0.00000e+00 1.97008e-01 1.05969e-02 -4.20947e-03 1.09633e+05
1.28640e+03 1.00000e+00 1.60617e-03 0.00000e+00 1.74684e-03 1.41806e-04 -1.40442e-05 1.09633e+05
6.65680e+02 1.00000e+00 1.03724e-01 0.00000e+00 1.17589e-01 6.21402e-03 -4.90190e-03 1.09633e+05
3.30320e+03 1.00000e+00 3.42229e-08 0.00000e+00 3.76159e-08 1.81667e-08 -6.71555e-09 1.09633e+05
6.68930e+02 1.00000e+00 9.91448e-02 0.00000e+00 1.16427e-01 5.78193e-03 -2.97879e-03 1.09633e+05
1.09950e+03 1.00000e+00 4.79063e-03 0.00000e+00 5.37260e-03 4.41497e-04 1.90388e-04 1.09633e+05
5.11590e+02 1.00000e+00 3.90443e-01 0.00000e+00 4.38160e-01 2.13512e-02 -4.60926e-03 1.09633e+05
2.53840e+03 1.00000e+00 1.54167e-06 0.00000e+00 1.73857e-06 6.58740e-07 -1.07175e-07 1.09633e+05
2.41410e+03 1.00000e+00 3.00947e-06 0.00000e+00 3.33466e-06 1.16462e-06 8.92028e-08 1.09633e+05
1.78110e+03 1.00000e+00 9.45144e-05 0.00000e+00 1.04264e-04 1.56076e-05 1.85431e-06 1.09633e+05
2.05900e+03 1.00000e+00 2.11213e-05 0.00000e+00 2.27834e-05 5.27801e-06 3.61809e-08 1.09633e+05
1.03760e+03 1.00000e+00 7.42845e-03 0.00000e+00 8.45023e-03 8.62713e-04 4.62034e-04 1.09633e+05
1.20010e+03 1.00000e+00 2.75691e-03 0.00000e+00 2.97215e-03 2.60999e-04 -1.37413e-04 1.09633e+05
1.37140e+03 1.00000e+00 9.37947e-04 0.00000e+00 1.07950e-03 1.12494e-04 9.11868e-06 1.09633e+05
2.39190e+03 1.00000e+00 3.47850e-06 0.00000e+00 3.84177e-06 1.15420e-06 -1.56660e-07 1.09633e+05
1.19710e+03 1.00000e+00 2.69575e-03 0.00000e+00 3.01469e-03 2.36961e-04 -1.62864e-05 1.09633e+05
1.54030e+03 1.00000e+00 3.55460e-04 0.00000e+00 4.14865e-04 4.34678e-05 -1.46776e-05 1.09633e+05
2.38520e+03 1.00000e+00 3.47693e-06 0.00000e+00 3.94441e-06 1.27172e-06 6.51499e-08 1.09633e+05
1.22810e+03 1.00000e+00 2.25927e-03 0.00000e+00 2.62310e-03 2.18965e-04 -1.18785e-04 1.09633e+05
2.55370e+03 1.00000e+00 1.51405e-06 0.00000e+00 1.64103e-06 5.92378e-07 -1.05544e-07 1.09633e+05
1.49080e+03 1.00000e+00 4.71838e-04 0.00000e+00 5.33624e-04 5.02757e-05 3.05277e-06 1.09633e+05
3.11850e+03 1.00000e+00 8.43550e-08 0.00000e+00 8.94712e-08 4.68934e-08 -7.88103e-09 1.09633e+05
5.94320e+02 1.00000e+00 1.82373e-01 0.00000e+00 2.19134e-01 1.13799e-02 1.42008e-03 1.09633e+05
1.41170e+03 1.00000e+00 7.23471e-04 0.00000e+00 8.26109e-04 8.04113e-05 -3.96771e-05 1.09633e+05
1.86490e+02 1.00000e+00 2.45037e+01 0.00000e+00 3.03114e+01 2.04034e+00 1.32692e-01 1.09633e+05
2.61240e+03 1.00000e+00 1.08746e-06 0.00000e+00 1.16278e-06 4.53739e-07 -1.50701e-08 1.09633e+05
2.07160e+03 1.00000e+00 1.94722e-05 0.00000e+00 2.15389e-05 4.62611e-06 1.52921e-06 1.09633e+05
1.80900e+03 1.00000e+00 7.92548e-05 0.00000e+00 8.82404e-05 1.42474e-05 6.03219e-06 1.09633e+05
2.04230e+03 1.00000e+00 2.22295e-05 0.00000e+00 2.51498e-05 5.04454e-06 -4.76236e-07 1.09633e+05
2.85990e+03 1.00000e+00 2.99182e-07 0.00000e+00 3.33991e-07 1.53437e-07 -2.59153e-08 1.09633e+05
1.18410e+03 1.00000e+00 2.83556e-03 0.00000e+00 3.44316e-03 3.20723e-04 2.46465e-04 1.09633e+05
1.67730e+03 1.00000e+00 1.62116e-04 0.00000e+00 1.94766e-04 2.35746e-05 4.67569e-06 1.09633e+05
1.30790e+03 1.00000e+00 1.31364e-03 0.00000e+00 1.51784e-03 1.57659e-04 -5.63465e-05 1.09633e+05
8.56710e+02 1.00000e+00 2.45445e-02 0.00000e+00 2.82185e-02 1.93813e-03 7.78447e-05 1.09633e+05
7.52880e+02 1.00000e+00 5.31688e-02 0.00000e+00 6.42365e-02 3.37950e-03 -6.53875e-04 1.09633e+05
2.58710e+03 1.00000e+00 1.20840e-06 0.00000e+00 1.31311e-06 4.81708e-07 8.38931e-09 1.09633e+05
1.67920e+03 1.00000e+00 1.65525e-04 0.00000e+00 1.87537e-04 2.41007e-05 3.00005e-06 1.09633e+05
2.21000e+03 1.00000e+00 8.90196e-06 0.00000e+00 1.02972e-05 2.62613e-06 -2.65940e-07 1.09633e+05
2.59700e+03 1.00000e+00 1.15417e-06 0.00000e+00 1.28956e-06 4.83870e-07 -1.03473e-07 1.09633e+05
2.91270e+03 1.00000e+00 2.35139e-07 0.00000e+00 2.56474e-07 1.22542e-07 -9.41618e-09 1.09633e+05
3.41260e+03 1.00000e+00 2.12498e-08 0.00000e+00 2.37501e-08 1.09960e-08 -3.26138e-09 1.09633e+05
2.02290e+03 1.00000e+00 2.53676e-05 0.00000e+00 2.71062e-05 5.25312e-06 -8.84995e-07 1.09633e+05
1.13750e+03 1.00000e+00 3.94065e-03 0.00000e+00 4.51019e-03 3.49394e-04 -2.52661e-05 1.09633e+05
1.44810e+03 1.00000e+00 6.50383e-04 0.00000e+00 6.57985e-04 6.41951e-05 -1.79132e-05 1.09633e+05
1.12530e+03 1.00000e+00 4.19374e-03 0.00000e+00 4.88755e-03 3.20699e-04 -3.71909e-04 1.09633e+05
2.11740e+03 1.00000e+00 1.53876e-05 0.00000e+00 1.70101e-05 3.66181e-06 -4.88738e-09 1.09633e+05
3.17780e+03 1.00000e+00 6.37778e-08 0.00000e+00 6.81900e-08 3.35236e-08 -1.31003e-08 1.09633e+05
1.68090e+03 1.00000e+00 1.63227e-04 0.00000e+00 1.79025e-04 2.33715e-05 6.19400e-06 1.09633e+05
3.07510e+03 1.00000e+00 1.00797e-07 0.00000e+00 1.09523e-07 5.72193e-08 -1.51025e-08 1.09633e+05
1.96870e+03 1.00000e+00 3.51948e-05 0.00000e+00 3.83639e-05 7.17792e-06 -8.87567e-07 1.09633e+05
3.16110e+02 1.00000e+00 3.20413e+00 0.00000e+00 3.79654e+00 1.88638e-01 -2.19092e-02 1.09633e+05
5.50160e+02 1.00000e+00 2.67730e-01 0.00000e+00 3.14998e-01 1.55478e-02 -1.59803e-02 1.09633e+05
2.27600e+03 1.00000e+00 6.46424e-06 0.00000e+00 7.05081e-06 1.92936e-06 -1.86531e-07 1.09633e+05
1.31830e+03 1.00000e+00 1.26543e-03 0.00000e+00 1.48403e-03 1.30097e-04 -1.02962e-04 1.09633e+05
2.24010e+03 1.00000e+00 7.45904e-06 0.00000e+00 8.85865e-06 2.34422e-06 4.07208e-07 1.09633e+05
2.99570e+02 1.00000e+00 3.94119e+00 0.00000e+00 4.64720e+00 2.26041e-01 6.50230e-02 1.09633e+05
2.66970e+03 1.00000e+00 8.06386e-07 0.00000e+00 8.77766e-07 3.41298e-07 -1.10538e-08 1.09633e+05
1.95800e+03 1.00000e+00 3.40402e-05 0.00000e+00 4.03702e-05 7.10617e-06 4.09493e-07 1.09633e+05
1.45460e+03 1.00000e+00 5.87192e-04 0.00000e+00 6.66187e-04 6.94836e-05 7.01206e-06 1.09633e+05
1.60170e+03 1.00000e+00 2.47170e-04 0.00000e+00 2.81441e-04 3.23845e-05 7.40307e-06 1.09633e+05
2.24040e+03 1.00000e+00 7.88745e-06 0.00000e+00 8.72420e-06 2.41052e-06 -4.14104e-07 1.09633e+05
1.75010e+03 1.00000e+00 1.13417e-04 0.00000e+00 1.22734e-04 1.90554e-05 -5.74701e-06 1.09633e+05
4.07410e+02 1.00000e+00 1.07290e+00 0.00000e+00 1.31156e+00 6.26236e-02 3.59255e-02 1.09633e+05
3.41880e+02 1.00000e+00 2.27410e+00 0.00000e+00 2.77138e+00 1.33948e-01 -1.16863e-03 1.09633e+05
1.47330e+03 1.00000e+00 5.08120e-04 0.00000e+00 5.77261e-04 6.12343e-05 8.30154e-06 1.09633e+05
1.42520e+03 1.00000e+00 6.83709e-04 0.00000e+00 8.19143e-04 8.51225e-05 2.85554e-06 1.09633e+05
6.11680e+02 1.00000e+00 1.58706e-01 0.00000e+00 1.91156e-01 8.69480e-03 -4.79308e-04 1.09633e+05
2.94700e+03 1.00000e+00 1.91663e-07 0.00000e+00 2.16228e-07 1.04261e-07 -1.43111e-08 1.09633e+05
2.35180e+03 1.00000e+00 4.23283e-06 0.00000e+00 4.61154e-06 1.50063e-06 2.13927e-07 1.09633e+05
2.97740e+03 1.00000e+00 1.66163e-07 0.00000e+00 1.83476e-07 9.29209e-08 -1.19739e-08 1.09633e+05
1.50110e+03 1.00000e+00 4.33101e-04 0.00000e+00 5.18770e-04 4.34975e-05 5.90563e-06 1.09633e+05
8.03910e+02 1.00000e+00 3.54638e-02 0.00000e+00 4.24982e-02 2.99151e-03 -1.21048e-03 1.09633e+05
1.17010e+03 1.00000e+00 3.19875e-03 0.00000e+00 3.36556e-03 2.92017e-04 -2.04166e-04 1.09633e+05
1.15560e+03 1.00000e+00 3.37642e-03 0.00000e+00 3.83203e-03 2.84645e-04 2.49217e-05 1.09633e+05
1.46560e+03 1.00000e+00 5.32492e-04 0.00000e+00 6.14023e-04 5.91124e-05 2.91813e-05 1.09633e+05
5.30130e+02 1.00000e+00 3.32661e-01 0.00000e+00 3.82263e-01 2.06009e-02 -4.20003e-03 1.09633e+05
3.09440e+03 1.00000e+00 9.02488e-08 0.00000e+00 1.02832e-07 5.04557e-08 -7.31712e-09 1.09633e+05
3.38410e+03 1.00000e+00 2.47430e-08 0.00000e+00 2.75809e-08 1.29443e-08 -4.80487e-09 1.09633e+05
3.06240e+03 1.00000e+00 1.08896e-07 0.00000e+00 1.20342e-07 5.52497e-08 -1.22270e-08 1.09633e+05
2.92080e+03 1.00000e+00 2.23448e-07 0.00000e+00 2.41869e-07 1.15593e-07 -1.26477e-08 1.09633e+05
1.19310e+03 1.00000e+00 2.70192e-03 0.00000e+00 3.03330e-03 2.85514e-04 7.21842e-06 1.09633e+05
3.32150e+03 1.00000e+00 3.21930e-08 0.00000e+00 3.50128e-08 1.61135e-08 -3.13589e-09 1.09633e+05
1.56480e+03 1.00000e+00 3.06065e-04 0.00000e+00 3.63080e-04 4.04867e-05 2.66963e-05 1.09633e+05
2.28350e+03 1.00000e+00 6.09658e-06 0.00000e+00 6.85211e-06 1.96913e-06 -6.05716e-07 1.09633e+05
1.58320e+03 1.00000e+00 2.80660e-04 0.00000e+00 3.07561e-04 4.01743e-05 -1.38135e-05 1.09633e+05
2.03800e+03 1.00000e+00 2.32694e-05 0.00000e+00 2.61725e-05 4.96000e-06 4.67807e-07 1.09633e+05
7.82770e+02 1.00000e+00 4.18336e-02 0.00000e+00 4.84365e-02 2.86155e-03 -1.03583e-03 1.09633e+05
1.79720e+03 1.00000e+00 8.73438e-05 0.00000e+00 9.26370e-05 1.55212e-05 1.46641e-06 1.09633e+05
3.28500e+03 1.00000e+00 3.77244e-08 0.00000e+00 4.09644e-08 2.00525e-08 -3.12731e-09 1.09633e+05
2.17670e+03 1.00000e+00 1.02883e-05 0.00000e+00 1.21388e-05 3.12896e-06 6.53362e-07 1.09633e+05
3.31420e+03 1.00000e+00 3.20045e-08 0.00000e+00 3.60296e-08 1.81921e-08 -5.91124e-09 1.09633e+05
1.86820e+03 1.00000e+00 5.84975e-05 0.00000e+00 6.33238e-05 1.20980e-05 9.87057e-07 1.09633e+05
3.34290e+03 1.00000e+00 2.83088e-08 0.00000e+00 3.25652e-08 1.49291e-08 -4.08896e-09 1.09633e+05
2.33190e+03 1.00000e+00 4.83287e-06 0.00000e+00 5.23498e-06 1.44416e-06 -1.93735e-07 1.09633e+05
3.34180e+03 1.00000e+00 2.91518e-08 0.00000e+00 3.21639e-08 1.61815e-08 -7.09803e-09 1.09633e+05
1.29000e+03 1.00000e+00 1.51241e-03 0.00000e+00 1.68624e-03 1.65869e-04 2.69130e-05 1.09633e+05
4.38540e+02 1.00000e+00 7.80428e-01 0.00000e+00 9.21067e-01 4.86513e-02 -2.81140e-02 1.09633e+05
3.56480e+02 1.00000e+00 1.96878e+00 0.00000e+00 2.34124e+00 1.32063e-01 5.41072e-02 1.09633e+05
2.29840e+03 1.00000e+00 5.57778e-06 0.00000e+00 6.22180e-06 1.82620e-06 4.75493e-08 1.09633e+05
3.36430e+03 1.00000e+00 2.66435e-08 0.00000e+00 2.90797e-08 1.57545e-08 -4.74712e-09 1.09633e+05
3.44060e+03 1.00000e+00 1.80370e-08 0.00000e+00 2.05101e-08 9.89808e-09 -2.97727e-09 1.09633e+05
2.85690e+03 1.00000e+00 2.97301e-07 0.00000e+00 3.32326e-07 1.52426e-07 -9.42430e-09 1.09633e+05
1.89340e+03 1.00000e+00 5.02482e-05 0.00000e+00 5.47774e-05 1.02482e-05 -2.05319e-06 1.09633e+05
1.89730e+03 1.00000e+00 4.76028e-05 0.00000e+00 5.49079e-05 9.53240e-06 4.43456e-06 1.09633e+05
5.75720e+02 1.00000e+00 2.15466e-01 0.00000e+00 2.54851e-01 1.09504e-02 3.19935e-03 1.09633e+05
2.37150e+03 1.00000e+00 3.87226e-06 0.00000e+00 4.31139e-06 1.25999e-06 -9.70176e-08 1.09633e+05
1.94060e+03 1.00000e+00 3.82978e-05 0.00000e+00 4.35821e-05 8.00748e-06 7.71920e-07 1.09633e+05
3.01870e+03 1.00000e+00 1.37847e-07 0.00000e+00 1.49627e-07 7.40314e-08 -6.08828e-09 1.09633e+05
2.86980e+03 1.00000e+00 2.90177e-07 0.00000e+00 3.03884e-07 1.45075e-07 -2.17202e-08 1.09633e+05
2.18910e+03 1.00000e+00 1.01661e-05 0.00000e+00 1.11483e-05 2.92293e-06 -3.97016e-07 1.09633e+05
2.08110e+03 1.00000e+00 1.81056e-05 0.00000e+00 2.02906e-05 4.20827e-06 -6.09649e-07 1.09633e+05
2.71430e+03 1.00000e+00 6.45324e-07 0.00000e+00 7.04044e-07 2.94731e-07 -4.51100e-08 1.09633e+05
3.02560e+02 1.00000e+00 3.92849e+00 0.00000e+00 4.42523e+00 2.39847e-01 9.79695e-02 1.09633e+05
2.13790e+03 1.00000e+00 1.32902e-05 0.00000e+00 1.49542e-05 3.56981e-06 3.65639e-07 1.09633e+05
2.74720e+03 1.00000e+00 5.38781e-07 0.00000e+00 5.72961e-07 2.45145e-07 -4.79444e-08 1.09633e+05
2.68990e+02 1.00000e+00 6.04088e+00 0.00000e+00 7.16570e+00 4.03664e-01 -5.54625e-02 1.09633e+05
1.45600e+03 1.00000e+00 5.67283e-04 0.00000e+00 6.50999e-04 7.26685e-05 -3.52555e-05 1.09633e+05
1.80990e+03 1.00000e+00 7.92421e-05 0.00000e+00 8.65220e-05 1.38009e-05 -3.03651e-06 1.09633e+05
1.86810e+03 1.00000e+00 5.78858e-05 0.00000e+00 6.46416e-05 1.00632e-05 1.33654e-06 1.09633e+05
8.04370e+02 1.00000e+00 3.58744e-02 0.00000e+00 4.03378e-02 2.89189e-03 1.24772e-03 1.09633e+05
2.73880e+03 1.00000e+00 5.55281e-07 0.00000e+00 6.12424e-07 2.60143e-07 -1.32829e-08 1.09633e+05
2.26250e+03 1.00000e+00 7.01145e-06 0.00000e+00 7.40192e-06 2.23628e-06 -9.90278e-08 1.09633e+05
2.18020e+03 1.00000e+00 1.05257e-05 0.00000e+00 1.18652e-05 3.07164e-06 -1.62991e-07 1.09633e+05
2.82070e+03 1.00000e+00 3.73881e-07 0.00000e+00 4.07945e-07 1.77941e-07 -1.31150e-08 1.09633e+05
1.11910e+03 1.00000e+00 4.47704e-03 0.00000e+00 4.87388e-03 3.74402e-04 -5.42019e-05 1.09633e+05
2.78950e+02 1.00000e+00 5.24376e+00 0.00000e+00 6.32875e+00 2.89127e-01 -3.66811e-02 1.09633e+05
1.36190e+03 1.00000e+00 1.00645e-03 0.00000e+00 1.12694e-03 1.03577e-04 4.72696e-06 1.09633e+05
2.91600e+03 1.00000e+00 2.21622e-07 0.00000e+00 2.46252e-07 1.23937e-07 -1.65708e-08 1.09633e+05
1.65160e+03 1.00000e+00 1.93281e-04 0.00000e+00 2.08502e-04 2.66557e-05 3.40735e-06 1.09633e+05
3.01840e+03 1.00000e+00 1.28640e-07 0.00000e+00 1.51414e-07 7.22169e-08 -7.24039e-09 1.09633e+05
2.65070e+03 1.00000e+00 8.93056e-07 0.00000e+00 9.67700e-07 3.70698e-07 1.68313e-08 1.09633e+05
1.88890e+03 1.00000e+00 5.30908e-05 0.00000e+00 5.74007e-05 1.05699e-05 -9.11713e-07 1.09633e+05
2.51350e+03 1.00000e+00 1.84943e-06 0.00000e+00 1.96863e-06 7.24478e-07 -1.39261e-07 1.09633e+05
2.35080e+03 1.00000e+00 4.20027e-06 0.00000e+00 4.64359e-06 1.52579e-06 -2.48423e-07 1.09633e+05
1.89200e+03 1.00000e+00 4.96501e-05 0.00000e+00 5.67507e-05 1.00208e-05 6.19147e-07 1.09633e+05
8.17150e+02 1.00000e+00 3.13035e-02 0.00000e+00 3.74252e-02 2.22697e-03 1.94683e-03 1.09633e+05
7.06420e+02 1.00000e+00 7.41186e-02 0.00000e+00 8.59006e-02 3.82158e-03 1.03851e-03 1.09633e+05
1.29430e+03 1.00000e+00 1.49260e-03 0.00000e+00 1.78392e-03 1.62152e-04 1.67101e-05 1.09633e+05
3.86290e+02 1.00000e+00 1.33543e+00 0.00000e+00 1.62235e+00 8.19607e-02 1.36177e-02 1.09633e+05
1.53250e+03 1.00000e+00 3.56842e-04 0.00000e+00 4.18783e-04 4.79533e-05 5.40901e-06 1.09633e+05
2.25710e+03 1.00000e+00 7.16990e-06 0.00000e+00 7.70465e-06 2.15996e-06 3.98514e-08 1.09633e+05
3.41190e+03 1.00000e+00 2.18716e-08 0.00000e+00 2.39062e-08 1.31599e-08 -1.60945e-09 1.09633e+05
8.38790e+02 1.00000e+00 2.80832e-02 0.00000e+00 3.09765e-02 2.10744e-03 -1.07462e-03 1.09633e+05
6.52790e+02 1.00000e+00 1.16867e-01 0.00000e+00 1.33108e-01 6.21737e-03 -4.60276e-04 1.09633e+05
1.98450e+03 1.00000e+00 3.14271e-05 0.00000e+00 3.48287e-05 6.35157e-06 -2.02634e-07 1.09633e+05
2.45100e+03 1.00000e+00 2.50588e-06 0.00000e+00 2.81305e-06 9.90629e-07 6.51683e-08 1.09633e+05
2.28350e+03 1.00000e+00 6.02180e-06 0.00000e+00 6.69239e-06 1.91145e-06 2.91255e-08 1.09633e+05
1.97650e+03 1.00000e+00 3.04098e-05 0.00000e+00 3.57895e-05 6.62886e-06 3.25232e-07 1.09633e+05
3.11930e+03 1.00000e+00 8.25425e-08 0.00000e+00 8.89023e-08 5.03748e-08 -1.09484e-08 1.09633e+05
2.27430e+02 1.00000e+00 1.19440e+01 0.00000e+00 1.46199e+01 7.16111e-01 5.86152e-01 1.09633e+05
4.30500e+02 1.00000e+00 8.63337e-01 0.00000e+00 9.95389e-01 4.84877e-02 -1.24016e-02 1.09633e+05
2.87380e+02 1.00000e+00 4.63029e+00 0.00000e+00 5.82602e+00 2.84073e-01 -8.59452e-02 1.09633e+05
3.34190e+03 1.00000e+00 2.92137e-08 0.00000e+00 3.25787e-08 1.45591e-08 -4.84307e-09 1.09633e+05
1.74030e+03 1.00000e+00 1.16535e-04 0.00000e+00 1.32849e-04 2.09118e-05 -3.39395e-06 1.09633e+05
3.03320e+03 1.00000e+00 1.26081e-07 0.00000e+00 1.32611e-07 6.52174e-08 -2.23837e-08 1.09633e+05
2.13740e+03 1.00000e+00 1.38077e-05 0.00000e+00 1.43967e-05 3.32618e-06 -9.90472e-07 1.09633e+05
3.36530e+03 1.00000e+00 2.61145e-08 0.00000e+00 2.88800e-08 1.56551e-08 -3.11818e-09 1.09633e+05
1.11820e+03 1.00000e+00 4.42850e-03 0.00000e+00 5.10837e-03 4.04025e-04 4.75685e-05 1.09633e+05
3.11150e+03 1.00000e+00 8.47164e-08 0.00000e+00 9.29279e-08 4.73387e-08 -5.07477e-09 1.09633e+05
5.49920e+02 1.00000e+00 2.71963e-01 0.00000e+00 3.19689e-01 1.54037e-02 1.19166e-02 1.09633e+05
9.63240e+02 1.00000e+00 1.20072e-02 0.00000e+00 1.35741e-02 9.12109e-04 3.77104e-05 1.09633e+05
3.46510e+03 1.00000e+00 1.73218e-08 0.00000e+00 1.85967e-08 9.61511e-09 -1.14978e-09 1.09633e+05
3.24040e+03 1.00000e+00 4.55952e-08 0.00000e+00 5.08422e-08 2.45659e-08 -4.86394e-09 1.09633e+05
1.65610e+03 1.00000e+00 1.84701e-04 0.00000e+00 2.02511e-04 2.79477e-05 1.50869e-06 1.09633e+05
1.15150e+03 1.00000e+00 3.60102e-03 0.00000e+00 4.27027e-03 3.46029e-04 3.94590e-05 1.09633e+05
2.32580e+02 1.00000e+00 1.10133e+01 0.00000e+00 1.34182e+01 7.01816e-01 -5.37859e-01 1.09633e+05
1.38840e+03 1.00000e+00 8.61288e-04 0.00000e+00 9.97203e-04 9.44083e-05 -5.71807e-05 1.09633e+05
1.23190e+03 1.00000e+00 2.27338e-03 0.00000e+00 2.52150e-03 2.01323e-04 9.42483e-06 1.09633e+05
3.04890e+03 1.00000e+00 1.13777e-07 0.00000e+00 1.28315e-07 6.37096e-08 -1.40079e-08 1.09633e+05
1.29860e+03 1.00000e+00 1.42452e-03 0.00000e+00 1.62858e-03 1.53106e-04 -5.76571e-05 1.09633e+05
2.71750e+03 1.00000e+00 6.19530e-07 0.00000e+00 6.60740e-07 2.88901e-07 -6.12938e-09 1.09633e+05
1.29380e+03 1.00000e+00 1.52337e-03 0.00000e+00 1.65832e-03 1.36122e-04 -8.40832e-05 1.09633e+05
1.11080e+03 1.00000e+00 4.57030e-03 0.00000e+00 5.11502e-03 4.63626e-04 -1.13979e-04 1.09633e+05
2.52380e+03 1.00000e+00 1.68534e-06 0.00000e+00 1.88159e-06 6.86831e-07 -6.91522e-08 1.09633e+05
9.08470e+02 1.00000e+00 1.68789e-02 0.00000e+00 1.97589e-02 1.37749e-03 5.41141e-04 1.09633e+05
1.28380e+03 1.00000e+00 1.59722e-03 0.00000e+00 1.83337e-03 1.72002e-04 -6.13867e-05 1.09633e+05
1.56920e+03 1.00000e+00 3.02599e-04 0.00000e+00 3.45213e-04 4.02685e-05 6.05491e-06 1.09633e+05
1.33720e+03 1.00000e+00 1.17187e-03 0.00000e+00 1.29972e-03 1.15376e-04 1.89131e-05 1.09633e+05
1.71600e+02 1.00000e+00 3.41025e+01 0.00000e+00 4.12268e+01 2.10177e+00 -8.37633e-01 1.09633e+05
8.92400e+02 1.00000e+00 1.94070e-02 0.00000e+00 2.25887e-02 1.37342e-03 -4.85419e-04 1.09633e+05
2.74520e+03 1.00000e+00 5.34126e-07 0.00000e+00 5.85995e-07 2.57979e-07 -5.72229e-08 1.09633e+05
3.54230e+02 1.00000e+00 1.91486e+00 0.00000e+00 2.42618e+00 1.33503e-01 -2.35347e-02 1.09633e+05
1.45330e+03 1.00000e+00 5.79463e-04 0.00000e+00 6.52363e-04 6.87642e-05 -1.66944e-05 1.09633e+05
1.38900e+03 1.00000e+00 8.76368e-04 0.00000e+00 9.36548e-04 9.97203e-05 -1.30055e-05 1.09633e+05
1.89770e+03 1.00000e+00 4.80200e-05 0.00000e+00 5.33148e-05 9.96671e-06 -1.75090e-06 1.09633e+05
2.42960e+03 1.00000e+00 2.93985e-06 0.00000e+00 3.23370e-06 1.03154e-06 -1.82591e-07 1.09633e+05
2.45330e+03 1.00000e+00 2.43477e-06 0.00000e+00 2.72097e-06 8.59200e-07 -9.34185e-08 1.09633e+05
3.00870e+02 1.00000e+00 3.79917e+00 0.00000e+00 4.73835e+00 2.11085e-01 -2.11526e-01 1.09633e+05
2.89880e+03 1.00000e+00 2.48364e-07 0.00000e+00 2.75970e-07 1.40436e-07 -3.46273e-08 1.09633e+05
6.01890e+02 1.00000e+00 1.73720e-01 0.00000e+00 2.02985e-01 9.55490e-03 8.89705e-03 1.09633e+05
3.43170e+03 1.00000e+00 1.96297e-08 0.00000e+00 2.14796e-08 1.03724e-08 -2.78053e-09 1.09633e+05
3.03000e+03 1.00000e+00 1.29822e-07 0.00000e+00 1.39811e-07 6.87792e-08 -9.15911e-09 1.09633e+05
9.88480e+02 1.00000e+00 9.64574e-03 0.00000e+00 1.14239e-02 9.36656e-04 -3.40650e-04 1.09633e+05
3.42580e+03 1.00000e+00 1.92565e-08 0.00000e+00 2.20412e-08 1.09682e-08 -4.82359e-09 1.09633e+05
1.83400e+03 1.00000e+00 6.96999e-05 0.00000e+00 7.80617e-05 1.24586e-05 -2.88817e-06 1.09633e+05
1.53800e+03 1.00000e+00 3.46550e-04 0.00000e+00 4.09062e-04 4.27035e-05 1.03029e-05 1.09633e+05
1.44970e+02 1.00000e+00 6.01732e+01 0.00000e+00 7.52124e+01 4.43072e+00 4.74953e+00 1.09633e+05
2.88980e+03 1.00000e+00 2.54890e-07 0.00000e+00 2.83194e-07 1.41329e-07 -5.98105e-09 1.09633e+05
9.93010e+02 1.00000e+00 9.57046e-03 0.00000e+00 1.11269e-02 8.03154e-04 7.24545e-04 1.09633e+05
9.60600e+02 1.00000e+00 1.21229e-02 0.00000e+00 1.40070e-02 1.04417e-03 -4.76611e-04 1.09633e+05
3.23630e+03 1.00000e+00 4.77411e-08 0.00000e+00 5.34986e-08 2.65063e-08 -3.66936e-09 1.09633e+05
2.83400e+03 1.00000e+00 3.52162e-07 0.00000e+00 3.68215e-07 1.72717e-07 -1.11099e-08 1.09633e+05
1.25980e+03 1.00000e+00 1.82054e-03 0.00000e+00 2.11518e-03 1.78864e-04 -7.01851e-05 1.09633e+05
1.15070e+03 1.00000e+00 3.64015e-03 0.00000e+00 3.90047e-03 2.98443e-04 8.28217e-05 1.09633e+05
1.15850e+03 1.00000e+00 3.43522e-03 0.00000e+00 3.90187e-03 3.61579e-04 -5.36478e-05 1.09633e+05
7.82710e+02 1.00000e+00 4.41763e-02 0.00000e+00 4.75992e-02 2.68242e-03 2.16461e-03 1.09633e+05
2.31940e+03 1.00000e+00 5.14252e-06 0.00000e+00 5.54917e-06 1.51382e-06 -2.62444e-07 1.09633e+05
7.36090e+02 1.00000e+00 6.16190e-02 0.00000e+00 6.82142e-02 3.69990e-03 1.22290e-03 1.09633e+05
3.29110e+03 1.00000e+00 3.78958e-08 0.00000e+00 4.04447e-08 1.97205e-08 -1.90679e-09 1.09633e+05
2.32440e+03 1.00000e+00 5.06632e-06 0.00000e+00 5.33145e-06 1.65228e-06 2.41580e-07 1.09633e+05
1.01890e+03 1.00000e+00 8.70362e-03 0.00000e+00 9.76980e-03 6.86868e-04 -1.95455e-04 1.09633e+05
2.00150e+03 1.00000e+00 2.78733e-05 0.00000e+00 3.09345e-05 6.18393e-06 -1.62265e-06 1.09633e+05
9.67660e+02 1.00000e+00 1.11989e-02 0.00000e+00 1.38905e-02 1.13960e-03 -5.66797e-04 1.09633e+05
1.01940e+03 1.00000e+00 8.23204e-03 0.00000e+00 8.89070e-03 7.02172e-04 1.97532e-04 1.09633e+05
2.63980e+03 1.00000e+00 9.19567e-07 0.00000e+00 1.00269e-06 3.83086e-07 -3.76724e-08 1.09633e+05
2.28870e+03 1.00000e+00 6.27809e-06 0.00000e+00 6.79386e-06 1.76701e-06 4.40094e-08 1.09633e+05
1.78690e+03 1.00000e+00 8.96932e-05 0.00000e+00 1.05426e-04 1.57351e-05 1.16832e-07 1.09633e+05
3.42300e+02 1.00000e+00 2.28124e+00 0.00000e+00 2.73125e+00 1.16389e-01 -5.28900e-02 1.09633e+05
8.47900e+02 1.00000e+00 2.57016e-02 0.00000e+00 3.09635e-02 2.06290e-03 -1.51455e-04 1.09633e+05
3.00790e+03 1.00000e+00 1.43594e-07 0.00000e+00 1.57473e-07 7.39454e-08 -2.04734e-08 1.09633e+05
2.66740e+03 1.00000e+00 8.17863e-07 0.00000e+00 9.07150e-07 3.70263e-07 -2.99437e-08 1.09633e+05
6.31460e+02 1.00000e+00 1.34741e-01 0.00000e+00 1.58803e-01 7.52332e-03 -1.87269e-03 1.09633e+05
1.56410e+03 1.00000e+00 3.10798e-04 0.00000e+00 3.68639e-04 4.15642e-05 -1.97411e-05 1.09633e+05
9.07110e+02 1.00000e+00 1.77659e-02 0.00000e+00 1.98241e-02 1.42034e-03 5.18202e-04 1.09633e+05
2.99580e+03 1.00000e+00 1.52837e-07 0.00000e+00 1.71333e-07 7.77946e-08 -2.14104e-08 1.09633e+05
4.55390e+02 1.00000e+00 6.57894e-01 0.00000e+00 7.76930e-01 3.91834e-02 1.57729e-02 1.09633e+05
2.65360e+03 1.00000e+00 8.92610e-07 0.00000e+00 9.47896e-07 3.54650e-07 -4.25160e-08 1.09633e+05
3.01870e+03 1.00000e+00 1.37882e-07 0.00000e+00 1.44610e-07 7.02523e-08 -5.91303e-09 1.09633e+05
1.07970e+03 1.00000e+00 5.39839e-03 0.00000e+00 6.50089e-03 5.19948e-04 -3.05157e-04 1.09633e+05
2.36400e+03 1.00000e+00 3.99521e-06 0.00000e+00 4.31026e-06 1.41947e-06 -3.57384e-07 1.09633e+05
1.64210e+03 1.00000e+00 1.98989e-04 0.00000e+00 2.26509e-04 3.20271e-05 1.14429e-05 1.09633e+05
8.35710e+02 1.00000e+00 2.91539e-02 0.00000e+00 3.29144e-02 1.86120e-03 1.74789e-03 1.09633e+05
1.65560e+03 1.00000e+00 1.83150e-04 0.00000e+00 2.10308e-04 2.90861e-05 9.83478e-07 1.09633e+05
2.63200e+03 1.00000e+00 9.87460e-07 0.00000e+00 1.06597e-06 4.17430e-07 -8.01822e-08 1.09633e+05
3.13330e+03 1.00000e+00 7.69711e-08 0.00000e+00 8.47491e-08 3.85832e-08 -1.00824e-08 1.09633e+05
7.22800e+02 1.00000e+00 6.54275e-02 0.00000e+00 7.82341e-02 4.46099e-03 -1.23665e-03 1.09633e+05
3.18740e+03 1.00000e+00 5.81761e-08 0.00000e+00 6.56517e-08 3.28418e-08 -5.21598e-09 1.09633e+05
2.20050e+03 1.00000e+00 9.74008e-06 0.00000e+00 1.02154e-05 2.85027e-06 -6.99919e-07 1.09633e+05
2.51610e+03 1.00000e+00 1.85358e-06 0.00000e+00 1.98536e-06 6.44853e-07 -3.88634e-08 1.09633e+05
2.02990e+03 1.00000e+00 2.36668e-05 0.00000e+00 2.68084e-05 5.66378e-06 1.11001e-06 1.09633e+05
1.32470e+03 1.00000e+00 1.25694e-03 0.00000e+00 1.49151e-03 1.27390e-04 -3.39181e-05 1.09633e+05
1.07360e+03 1.00000e+00 6.00077e-03 0.00000e+00 6.39984e-03 5.77581e-04 3.38944e-04 1.09633e+05
2.53260e+03 1.00000e+00 1.60147e-06 0.00000e+00 1.74688e-06 6.41619e-07 -9.31450e-08 1.09633e+05
1.87730e+03 1.00000e+00 5.62278e-05 0.00000e+00 6.13163e-05 1.10721e-05 -1.29081e-06 1.09633e+05
1.90250e+03 1.00000e+00 4.91914e-05 0.00000e+00 5.19390e-05 9.87193e-06 -2.67543e-06 1.09633e+05
2.89520e+03 1.00000e+00 2.49447e-07 0.00000e+00 2.62006e-07 1.31627e-07 -2.15422e-08 1.09633e+05
5.62680e+02 1.00000e+00 2.50720e-01 0.00000e+00 2.85099e-01 1.40507e-02 -1.02763e-02 1.09633e+05
7.08510e+02 1.00000e+00 7.34093e-02 0.00000e+00 8.57185e-02 4.53059e-03 4.28687e-03 1.09633e+05
2.01210e+03 1.00000e+00 2.62751e-05 0.00000e+00 3.05137e-05 5.72058e-06 1.10983e-06 1.09633e+05
1.09520e+03 1.00000e+00 5.14784e-03 0.00000e+00 5.78063e-03 4.71506e-04 1.05467e-04 1.09633e+05
2.40400e+03 1.00000e+00 3.25729e-06 0.00000e+00 3.51582e-06 1.17062e-06 -8.56647e-08 1.09633e+05
2.70790e+03 1.00000e+00 6.31395e-07 0.00000e+00 7.02969e-07 2.95029e-07 -2.79044e-08 1.09633e+05
3.41470e+03 1.00000e+00 2.06859e-08 0.00000e+00 2.33280e-08 1.16193e-08 -2.38844e-09 1.09633e+05
1.52680e+03 1.00000e+00 3.93677e-04 0.00000e+00 4.24935e-04 5.01381e-05 -1.11605e-05 1.09633e+05
1.33940e+03 1.00000e+00 1.11758e-03 0.00000e+00 1.29164e-03 1.26393e-04 1.42723e-05 1.09633e+05
1.81870e+03 1.00000e+00 7.38604e-05 0.00000e+00 8.56395e-05 1.18139e-05 -1.83348e-06 1.09633e+05
3.08040e+03 1.00000e+00 1.00138e-07 0.00000e+00 1.06163e-07 5.53154e-08 -1.11530e-08 1.09633e+05
2.38800e+02 1.00000e+00 9.69815e+00 0.00000e+00 1.15342e+01 5.19024e-01 6.01758e-01 1.09633e+05
1.94220e+03 1.00000e+00 3.77093e-05 0.00000e+00 4.22290e-05 8.73523e-06 -6.22842e-07 1.09633e+05
3.36510e+03 1.00000e+00 2.58068e-08 0.00000e+00 2.87121e-08 1.24191e-08 -3.78431e-09 1.09633e+05
2.44740e+03 1.00000e+00 2.60923e-06 0.00000e+00 2.88282e-06 1.00119e-06 3.35662e-08 1.09633e+05
1.18380e+03 1.00000e+00 2.87667e-03 0.00000e+00 3.42665e-03 2.47829e-04 6.21553e-05 1.09633e+05
5.88710e+02 1.00000e+00 1.93061e-01 0.00000e+00 2.21084e-01 1.21725e-02 -1.15177e-02 1.09633e+05
1.42650e+03 1.00000e+00 6.87491e-04 0.00000e+00 7.74596e-04 6.81152e-05 -3.63159e-05 1.09633e+05
8.42330e+02 1.00000e+00 2.60428e-02 0.00000e+00 3.05501e-02 2.20823e-03 -5.53861e-04 1.09633e+05
1.63120e+03 1.00000e+00 2.13337e-04 0.00000e+00 2.45411e-04 2.92565e-05 4.90269e-06 1.09633e+05
1.54470e+03 1.00000e+00 3.54046e-04 0.00000e+00 3.92061e-04 4.63980e-05 -4.73556e-06 1.09633e+05
2.89820e+03 1.00000e+00 2.43937e-07 0.00000e+00 2.75651e-07 1.46562e-07 -8.91083e-09 1.09633e+05
2.02330e+03 1.00000e+00 2.37965e-05 0.00000e+00 2.86479e-05 6.05008e-06 4.26922e-07 1.09633e+05
6.46300e+02 1.00000e+00 1.19855e-01 0.00000e+00 1.41794e-01 8.45800e-03 -3.85671e-03 1.09633e+05
2.92150e+03 1.00000e+00 2.21429e-07 0.00000e+00 2.42979e-07 1.21180e-07 -1.10115e-08 1.09633e+05
1.46920e+03 1.00000e+00 5.29500e-04 0.00000e+00 6.29206e-04 6.37318e-05 -1.75192e-05 1.09633e+05
3.21280e+03 1.00000e+00 5.42380e-08 0.00000e+00 5.82526e-08 2.65529e-08 -6.11935e-09 1.09633e+05
1.12020e+03 1.00000e+00 4.29495e-03 0.00000e+00 5.00503e-03 4.30530e-04 -1.64120e-04 1.09633e+05
3.23430e+03 1.00000e+00 4.83823e-08 0.00000e+00 5.23207e-08 2.44590e-08 -1.08992e-09 1.09633e+05
1.93770e+03 1.00000e+00 3.91940e-05 0.00000e+00 4.46700e-05 7.96715e-06 1.50306e-06 1.09633e+05
1.72180e+03 1.00000e+00 1.33860e-04 0.00000e+00 1.44570e-04 1.78739e-05 2.45082e-06 1.09633e+05
2.78320e+03 1.00000e+00 4.52039e-07 0.00000e+00 4.76808e-07 2.14786e-07 -4.74882e-08 1.09633e+05
1.39800e+03 1.00000e+00 7.97198e-04 0.00000e+00 9.21569e-04 8.76343e-05 -3.00786e-05 1.09633e+05
2.92000e+03 1.00000e+00 2.21224e-07 0.00000e+00 2.40364e-07 1.20296e-07 -1.24839e-08 1.09633e+05
2.19150e+03 1.00000e+00 1.02691e-05 0.00000e+00 1.13658e-05 2.84705e-06 -2.07619e-07 1.09633e+05
1.70390e+03 1.00000e+00 1.33074e-04 0.00000e+00 1.60371e-04 2.22777e-05 4.90809e-06 1.09633e+05
2.77600e+02 1.00000e+00 5.48028e+00 0.00000e+00 6.65471e+00 2.99537e-01 9.03866e-03 1.09633e+05
5.31290e+02 1.00000e+00 3.25070e-01 0.00000e+00 3.79938e-01 1.91517e-02 -1.44759e-02 1.09633e+05
1.83980e+03 1.00000e+00 6.87296e-05 0.00000e+00 7.23743e-05 1.36577e-05 -4.20537e-07 1.09633e+05
4.19260e+02 1.00000e+00 9.35065e-01 0.00000e+00 1.15634e+00 6.07058e-02 -1.57992e-02 1.09633e+05
2.96450e+03 1.00000e+00 1.75065e-07 0.00000e+00 1.97270e-07 9.20564e-08 -2.25779e-08 1.09633e+05
1.32670e+03 1.00000e+00 1.25710e-03 0.00000e+00 1.41605e-03 1.09581e-04 -4.76882e-05 1.09633e+05
2.77320e+03 1.00000e+00 4.72283e-07 0.00000e+00 5.22495e-07 2.20148e-07 -4.14123e-08 1.09633e+05
8.30530e+02 1.00000e+00 2.91138e-02 0.00000e+00 3.51101e-02 2.08342e-03 -5.19759e-04 1.09633e+05
2.23160e+03 1.00000e+00 8.14895e-06 0.00000e+00 9.20509e-06 2.57491e-06 1.13604e-07 1.09633e+05
5.38970e+02 1.00000e+00 3.01819e-01 0.00000e+00 3.40291e-01 1.64574e-02 -1.41249e-02 1.09633e+05
3.48730e+03 1.00000e+00 1.56452e-08 0.00000e+00 1.64282e-08 8.46503e-09 -2.24078e-09 1.09633e+05
1.25830e+03 1.00000e+00 1.80578e-03 0.00000e+00 2.15720e-03 1.93469e-04 -7.70056e-05 1.09633e+05
1.97740e+03 1.00000e+00 3.13191e-05 0.00000e+00 3.49580e-05 6.87333e-06 -6.82283e-07 1.09633e+05
3.51470e+02 1.00000e+00 2.13783e+00 0.00000e+00 2.40842e+00 1.22070e-01 5.36419e-02 1.09633e+05
8.49780e+02 1.00000e+00 2.53754e-02 0.00000e+00 3.02467e-02 2.16531e-03 3.27865e-04 1.09633e+05
1.49070e+03 1.00000e+00 4.68728e-04 0.00000e+00 5.34954e-04 5.28286e-05 -2.38014e-05 1.09633e+05
2.44490e+03 1.00000e+00 2.54766e-06 0.00000e+00 2.87530e-06 8.88909e-07 -5.59909e-08 1.09633e+05
2.95730e+03 1.00000e+00 1.76945e-07 0.00000e+00 2.01386e-07 9.87794e-08 -1.35799e-08 1.09633e+05
2.03410e+03 1.00000e+00 2.38843e-05 0.00000e+00 2.64227e-05 5.44572e-06 -7.07774e-07 1.09633e+05
2.05820e+03 1.00000e+00 2.07065e-05 0.00000e+00 2.35464e-05 4.96146e-06 -9.54423e-07 1.09633e+05
9.91730e+02 1.00000e+00 9.73329e-03 0.00000e+00 1.12125e-02 9.70454e-04 1.23023e-04 1.09633e+05
3.40980e+03 1.00000e+00 2.16452e-08 0.00000e+00 2.34360e-08 1.22102e-08 -4.01694e-09 1.09633e+05
1.00480e+03 1.00000e+00 8.97768e-03 0.00000e+00 1.02299e-02 8.43444e-04 1.11905e-03 1.09633e+05
1.88020e+03 1.00000e+00 5.31162e-05 0.00000e+00 5.77451e-05 1.01798e-05 -3.48784e-06 1.09633e+05
2.48260e+03 1.00000e+00 2.14302e-06 0.00000e+00 2.39353e-06 7.59294e-07 -1.06704e-08 1.09633e+05
2.76640e+02 1.00000e+00 5.47412e+00 0.00000e+00 6.65643e+00 3.48961e-01 -1.40854e-01 1.09633e+05
2.63020e+03 1.00000e+00 9.69219e-07 0.00000e+00 1.06612e-06 4.02276e-07 -8.57518e-08 1.09633e+05
2.04480e+03 1.00000e+00 2.19668e-05 0.00000e+00 2.43104e-05 5.25007e-06 -1.73029e-06 1.09633e+05
1.62710e+03 1.00000e+00 2.15910e-04 0.00000e+00 2.46065e-04 3.15220e-05 2.11673e-06 1.09633e+05
2.41700e+03 1.00000e+00 2.97208e-06 0.00000e+00 3.27110e-06 1.10750e-06 -1.66009e-07 1.09633e+05
3.29870e+03 1.00000e+00 3.55474e-08 0.00000e+00 3.80654e-08 1.82814e-08 -5.02717e-09 1.09633e+05
2.66400e+03 1.00000e+00 8.18552e-07 0.00000e+00 9.04519e-07 3.39997e-07 1.74136e-09 1.09633e+05
1.27810e+03 1.00000e+00 1.64938e-03 0.00000e+00 1.88439e-03 1.65076e-04 6.94677e-05 1.09633e+05
1.30790e+03 1.00000e+00 1.39850e-03 0.00000e+00 1.46879e-03 1.31890e-04 -5.47775e-05 1.09633e+05
2.97650e+03 1.00000e+00 1.64794e-07 0.00000e+00 1.81890e-07 9.13449e-08 -7.40834e-09 1.09633e+05
3.35380e+03 1.00000e+00 2.71207e-08 0.00000e+00 3.11342e-08 1.34512e-08 -3.39375e-09 1.09633e+05
6.18310e+02 1.00000e+00 1.52033e-01 0.00000e+00 1.80689e-01 1.16371e-02 -1.18733e-03 1.09633e+05
3.15850e+02 1.00000e+00 3.25774e+00 0.00000e+00 3.83920e+00 1.67915e-01 3.18714e-02 1.09633e+05
1.25320e+03 1.00000e+00 1.90781e-03 0.00000e+00 2.13602e-03 1.83926e-04 -1.02009e-04 1.09633e+05
2.24260e+03 1.00000e+00 8.09020e-06 0.00000e+00 8.66561e-06 2.31953e-06 -1.07818e-07 1.09633e+05
3.03790e+03 1.00000e+00 1.22143e-07 0.00000e+00 1.35209e-07 6.67531e-08 -6.71920e-09 1.09633e+05
3.77470e+02 1.00000e+00 1.52842e+00 0.00000e+00 1.79061e+00 8.37969e-02 -4.74668e-02 1.09633e+05
1.56250e+03 1.00000e+00 3.16006e-04 0.00000e+00 3.65450e-04 3.76289e-05 7.34453e-06 1.09633e+05
1.01200e+03 1.00000e+00 8.60058e-03 0.00000e+00 9.96166e-03 8.11052e-04 1.23681e-03 1.09633e+05
2.71520e+03 1.00000e+00 6.31540e-07 0.00000e+00 6.93281e-07 2.94464e-07 -3.59605e-08 1.09633e+05
2.05080e+03 1.00000e+00 2.12012e-05 0.00000e+00 2.31000e-05 4.86261e-06 1.05909e-06 1.09633e+05
3.93580e+02 1.00000e+00 1.23845e+00 0.00000e+00 1.52253e+00 7.43517e-02 1.25859e-02 1.09633e+05
2.34650e+03 1.00000e+00 4.39791e-06 0.00000e+00 4.84586e-06 1.48312e-06 -5.09322e-08 1.09633e+05
1.72210e+03 1.00000e+00 1.35077e-04 0.00000e+00 1.47692e-04 1.91639e-05 -1.44424e-05 1.09633e+05
1.80870e+03 1.00000e+00 8.44023e-05 0.00000e+00 9.24772e-05 1.54163e-05 2.21453e-06 1.09633e+05
2.40880e+03 1.00000e+00 3.08111e-06 0.00000e+00 3.38484e-06 1.12591e-06 -2.36107e-07 1.09633e+05
2.73330e+03 1.00000e+00 5.72798e-07 0.00000e+00 6.25213e-07 2.71433e-07 -2.50099e-08 1.09633e+05
2.21210e+03 1.00000e+00 8.82201e-06 0.00000e+00 9.84422e-06 2.87758e-06 3.79794e-07 1.09633e+05
2.48520e+03 1.00000e+00 2.13825e-06 0.00000e+00 2.30377e-06 8.65365e-07 -7.10180e-08 1.09633e+05
5.60520e+02 1.00000e+00 2.54152e-01 0.00000e+00 2.91792e-01 1.59614e-02 -1.46993e-03 1.09633e+05
2.26070e+02 1.00000e+00 1.18341e+01 0.00000e+00 1.45740e+01 7.49158e-01 -2.15080e-01 1.09633e+05
1.09490e+03 1.00000e+00 4.84066e-03 0.00000e+00 5.74213e-03 4.17700e-04 8.39306e-05 1.09633e+05
1.19050e+03 1.00000e+00 2.77199e-03 0.00000e+00 3.23442e-03 2.28622e-04 -1.97071e-04 1.09633e+05
3.02700e+03 1.00000e+00 1.29416e-07 0.00000e+00 1.43840e-07 7.26857e-08 -1.48231e-08 1.09633e+05
1.64710e+03 1.00000e+00 1.92286e-04 0.00000e+00 2.21841e-04 2.70886e-05 -4.82115e-06 1.09633e+05
3.66610e+02 1.00000e+00 1.68077e+00 0.00000e+00 2.08997e+00 1.02849e-01 -2.92429e-02 1.09633e+05
1.86000e+03 1.00000e+00 6.34344e-05 0.00000e+00 6.63965e-05 1.08071e-05 3.49081e-06 1.09633e+05
7.06920e+02 1.00000e+00 7.31696e-02 0.00000e+00 8.73867e-02 3.98167e-03 -2.13919e-03 1.09633e+05
3.43660e+03 1.00000e+00 1.88765e-08 0.00000e+00 2.13032e-08 1.04714e-08 -2.58628e-09 1.09633e+05
2.87460e+03 1.00000e+00 2.86860e-07 0.00000e+00 3.17593e-07 1.43157e-07 -1.74301e-08 1.09633e+05
9.63210e+02 1.00000e+00 1.17544e-02 0.00000e+00 1.36325e-02 1.03017e-03 -1.42743e-04 1.09633e+05
7.15260e+02 1.00000e+00 6.90152e-02 0.00000e+00 8.18586e-02 4.01801e-03 2.26042e-03 1.09633e+05
1.55050e+03 1.00000e+00 3.37803e-04 0.00000e+00 3.79942e-04 3.95333e-05 1.44021e-05 1.09633e+05
2.73160e+03 1.00000e+00 5.96664e-07 0.00000e+00 6.36387e-07 2.54646e-07 -2.09143e-08 1.09633e+05
9.35410e+02 1.00000e+00 1.49417e-02 0.00000e+00 1.63853e-02 1.25253e-03 2.43358e-04 1.09633e+05
8.15130e+02 1.00000e+00 3.40307e-02 0.00000e+00 3.70915e-02 2.26101e-03 -2.85424e-03 1.09633e+05
2.32310e+03 1.00000e+00 4.88940e-06 0.00000e+00 5.50512e-06 1.63560e-06 -1.95050e-07 1.09633e+05
3.26050e+03 1.00000e+00 4.20651e-08 0.00000e+00 4.70213e-08 2.26236e-08 -5.03653e-09 1.09633e+05
1.07810e+03 1.00000e+00 5.65282e-03 0.00000e+00 6.72246e-03 4.87882e-04 5.18930e-04 1.09633e+05
3.39760e+03 1.00000e+00 2.25293e-08 0.00000e+00 2.54615e-08 1.33679e-08 -3.24936e-09 1.09633e+05
2.39440e+02 1.00000e+00 9.72006e+00 0.00000e+00 1.13800e+01 5.20909e-01 -5.02868e-02 1.09633e+05
2.28930e+03 1.00000e+00 6.00718e-06 0.00000e+00 6.59430e-06 1.84696e-06 1.32643e-07 1.09633e+05
6.06460e+02 1.00000e+00 1.68493e-01 0.00000e+00 1.94621e-01 1.14927e-02 1.50707e-03 1.09633e+05
2.35160e+03 1.00000e+00 4.24364e-06 0.00000e+00 4.73068e-06 1.44188e-06 7.33696e-08 1.09633e+05
3.48440e+03 1.00000e+00 1.53429e-08 0.00000e+00 1.67663e-08 8.55243e-09 -2.70317e-09 1.09633e+05
3.27480e+03 1.00000e+00 3.95688e-08 0.00000e+00 4.49130e-08 2.07864e-08 -5.02055e-09 1.09633e+05
6.04930e+02 1.00000e+00 1.74321e-01 0.00000e+00 1.99725e-01 9.68467e-03 -4.57373e-04 1.09633e+05
3.25120e+03 1.00000e+00 4.41800e-08 0.00000e+00 4.92703e-08 2.37838e-08 -4.81882e-09 1.09633e+05
1.32710e+03 1.00000e+00 1.18518e-03 0.00000e+00 1.34848e-03 1.31568e-04 -1.02640e-04 1.09633e+05
4.33580e+02 1.00000e+00 8.12683e-01 0.00000e+00 9.76491e-01 4.96784e-02 9.54439e-03 1.09633e+05
2.45230e+03 1.00000e+00 2.47071e-06 0.00000e+00 2.61853e-06 9.21669e-07 -8.97605e-08 1.09633e+05
1.00980e+03 1.00000e+00 8.52279e-03 0.00000e+00 1.01235e-02 8.33716e-04 -8.83728e-04 1.09633e+05
1.07630e+03 1.00000e+00 5.51748e-03 0.00000e+00 6.16168e-03 4.88920e-04 8.69989e-05 1.09633e+05
2.79300e+03 1.00000e+00 4.15001e-07 0.00000e+00 4.71157e-07 2.02730e-07 -2.19004e-08 1.09633e+05
1.54540e+03 1.00000e+00 3.62028e-04 0.00000e+00 3.95780e-04 4.53329e-05 -8.01885e-06 1.09633e+05
1.18710e+03 1.00000e+00 2.88590e-03 0.00000e+00 3.18095e-03 2.87094e-04 1.00661e-05 1.09633e+05
4.86350e+02 1.00000e+00 4.75256e-01 0.00000e+00 5.73164e-01 2.27588e-02 1.83897e-03 1.09633e+05
9.72430e+02 1.00000e+00 1.09356e-02 0.00000e+00 1.30705e-02 1.13527e-03 7.41642e-04 1.09633e+05
1.45760e+03 1.00000e+00 5.71803e-04 0.00000e+00 6.75425e-04 6.72340e-05 7.03647e-06 1.09633e+05
3.48100e+03 1.00000e+00 1.63609e-08 0.00000e+00 1.72623e-08 9.20422e-09 -2.11707e-09 1.09633e+05
6.99610e+02 1.00000e+00 7.92174e-02 0.00000e+00 8.97508e-02 5.49811e-03 -1.09418e-03 1.09633e+05
1.59400e+03 1.00000e+00 2.62466e-04 0.00000e+00 2.97000e-04 3.54115e-05 9.77348e-06 1.09633e+05
1.67530e+03 1.00000e+00 1.64227e-04 0.00000e+00 1.87265e-04 2.67930e-05 9.85402e-06 1.09633e+05
2.19740e+03 1.00000e+00 9.90228e-06 0.00000e+00 1.05313e-05 2.93475e-06 -1.35836e-08 1.09633e+05
1.97220e+03 1.00000e+00 3.29942e-05 0.00000e+00 3.56031e-05 6.49387e-06 1.17123e-07 1.09633e+05
3.14290e+03 1.00000e+00 7.42035e-08 0.00000e+00 7.84868e-08 3.99089e-08 -5.23970e-09 1.09633e+05
4.61470e+02 1.00000e+00 6.29714e-01 0.00000e+00 7.52270e-01 3.62749e-02 5.66126e-03 1.09633e+05
2.40310e+03 1.00000e+00 3.28349e-06 0.00000e+00 3.65992e-06 1.15438e-06 5.35204e-08 1.09633e+05
6.88400e+02 1.00000e+00 8.52884e-02 0.00000e+00 9.87621e-02 6.33708e-03 1.74108e-03 1.09633e+05
1.15230e+03 1.00000e+00 3.63598e-03 0.00000e+00 4.06222e-03 2.99482e-04 -4.26787e-05 1.09633e+05
2.49330e+03 1.00000e+00 2.02711e-06 0.00000e+00 2.23385e-06 7.84874e-07 -1.56328e-07 1.09633e+05
2.96460e+03 1.00000e+00 1.78590e-07 0.00000e+00 1.89370e-07 9.95455e-08 -1.05161e-08 1.09633e+05
1.35080e+03 1.00000e+00 1.06109e-03 0.00000e+00 1.16823e-03 1.15372e-04 -8.26392e-07 1.09633e+05
1.88260e+03 1.00000e+00 5.29790e-05 0.00000e+00 5.79534e-05 1.00770e-05 -6.87774e-08 1.09633e+05
4.53880e+02 1.00000e+00 6.72092e-01 0.00000e+00 7.77710e-01 3.91554e-02 -2.94791e-03 1.09633e+05
2.74730e+03 1.00000e+00 5.30571e-07 0.00000e+00 5.81646e-07 2.60457e-07 -4.19392e-08 1.09633e+05
3.16480e+03 1.00000e+00 6.72630e-08 0.00000e+00 7.36708e-08 3.58000e-08 -7.35437e-09 1.09633e+05
3.37250e+03 1.00000e+00 2.54364e-08 0.00000e+00 2.77425e-08 1.54379e-08 -2.24274e-09 1.09633e+05
2.65860e+03 1.00000e+00 8.13828e-07 0.00000e+00 8.95702e-07 3.81737e-07 -6.99315e-08 1.09633e+05
7.95450e+02 1.00000e+00 3.68781e-02 0.00000e+00 4.53290e-02 2.47121e-03 1.31475e-03 1.09633e+05
3.26190e+03 1.00000e+00 4.14723e-08 0.00000e+00 4.51769e-08 2.32884e-08 -4.12833e-09 1.09633e+05
9.78470e+02 1.00000e+00 1.07160e-02 0.00000e+00 1.21041e-02 8.33989e-04 2.43063e-04 1.09633e+05
2.66580e+03 1.00000e+00 8.19198e-07 0.00000e+00 8.86119e-07 3.38663e-07 7.26182e-09 1.09633e+05
2.14510e+03 1.00000e+00 1.35326e-05 0.00000e+00 1.43574e-05 3.31880e-06 1.73330e-08 1.09633e+05
2.00160e+03 1.00000e+00 2.78289e-05 0.00000e+00 3.07487e-05 6.12008e-06 -3.04372e-08 1.09633e+05
7.94000e+02 1.00000e+00 3.65558e-02 0.00000e+00 4.55856e-02 2.76488e-03 -9.27023e-04 1.09633e+05
1.32930e+03 1.00000e+00 1.22619e-03 0.00000e+00 1.35665e-03 1.23024e-04 3.69251e-05 1.09633e+05
2.44180e+03 1.00000e+00 2.74508e-06 0.00000e+00 2.92130e-06 1.02159e-06 -1.64155e-07 1.09633e+05
2.54800e+03 1.00000e+00 1.49614e-06 0.00000e+00 1.62748e-06 6.09629e-07 -4.34506e-08 1.09633e+05
2.34690e+03 1.00000e+00 4.35537e-06 0.00000e+00 4.63197e-06 1.43278e-06 2.12388e-08 1.09633e+05
2.29210e+03 1.00000e+00 5.48447e-06 0.00000e+00 6.52050e-06 1.96019e-06 -4.13974e-07 1.09633e+05
2.55760e+03 1.00000e+00 1.39224e-06 0.00000e+00 1.54892e-06 5.47671e-07 -7.50295e-08 1.09633e+05
2.84190e+03 1.00000e+00 3.28446e-07 0.00000e+00 3.58003e-07 1.63082e-07 -3.44592e-09 1.09633e+05
2.71960e+03 1.00000e+00 6.37811e-07 0.00000e+00 6.59666e-07 2.92978e-07 6.72577e-10 1.09633e+05
6.51660e+02 1.00000e+00 1.16028e-01 0.00000e+00 1.37515e-01 7.49398e-03 -1.92481e-03 1.09633e+05
1.39410e+03 1.00000e+00 8.45062e-04 0.00000e+00 9.10881e-04 9.78204e-05 7.80090e-05 1.09633e+05
1.00530e+03 1.00000e+00 8.98571e-03 0.00000e+00 1.04800e-02 7.89564e-04 1.29257e-05 1.09633e+05
7.32690e+02 1.00000e+00 6.22960e-02 0.00000e+00 7.27016e-02 4.25490e-03 -3.69513e-04 1.09633e+05
1.13350e+03 1.00000e+00 3.84661e-03 0.00000e+00 4.39704e-03 3.45347e-04 -9.68216e-05 1.09633e+05
8.28370e+02 1.00000e+00 2.95794e-02 0.00000e+00 3.48524e-02 2.10329e-03 -3.42040e-04 1.09633e+05
1.76230e+03 1.00000e+00 1.02382e-04 0.00000e+00 1.15594e-04 1.88421e-05 3.59181e-06 1.09633e+05
1.75230e+03 1.00000e+00 1.07768e-04 0.00000e+00 1.23706e-04 1.87179e-05 1.26984e-07 1.09633e+05
9.89250e+02 1.00000e+00 9.72831e-03 0.00000e+00 1.17280e-02 8.61100e-04 -2.53248e-04 1.09633e+05
6.19510e+02 1.00000e+00 1.47568e-01 0.00000e+00 1.71070e-01 9.77951e-03 2.95403e-03 1.09633e+05
7.62250e+02 1.00000e+00 4.83745e-02 0.00000e+00 5.31490e-02 3.33814e-03 1.90259e-03 1.09633e+05
2.89910e+03 1.00000e+00 2.45889e-07 0.00000e+00 2.60382e-07 1.39134e-07 -1.57680e-08 1.09633e+05
2.22150e+03 1.00000e+00 8.71532e-06 0.00000e+00 9.25605e-06 2.66217e-06 -7.87002e-07 1.09633e+05
