masses    LO_data    NLO_data
1.40000e+02 3.83107e+01 4.79388e+01
2.20000e+02 1.30219e+01 1.61860e+01
3.20000e+02 2.09611e+00 2.52185e+00
1.40000e+02 2.68036e+01 3.33777e+01
2.20000e+02 7.57508e+00 9.39407e+00
3.20000e+02 1.12774e+00 1.35276e+00
1.40000e+02 6.59777e+01 8.36755e+01
2.00000e+02 1.71430e+01 2.10871e+01
3.20000e+02 1.25310e+00 1.49933e+00
1.40000e+02 6.87262e+01 8.67015e+01
1.80000e+02 2.73365e+01 3.37413e+01
3.20000e+02 2.49630e+00 2.93455e+00
1.40000e+02 5.51614e+01 6.84593e+01
2.00000e+02 6.90059e+00 8.42061e+00
3.20000e+02 2.75560e+00 3.34059e+00
4.00000e+02 4.50285e-01 5.36300e-01
1.40000e+02 6.21237e+01 7.84724e+01
2.00000e+02 1.07004e+01 1.32558e+01
3.20000e+02 1.13317e+00 1.35022e+00
1.40000e+02 3.11552e+01 3.99825e+01
2.00000e+02 1.85819e+01 2.32916e+01
3.20000e+02 2.10957e+00 2.54145e+00
4.00000e+02 5.03210e-01 5.93147e-01
6.00000e+01 4.97536e+02 6.62408e+02
2.20000e+02 1.19732e+01 1.46932e+01
3.20000e+02 1.15006e+00 1.35875e+00
1.00000e+02 1.18609e+02 1.57579e+02
2.20000e+02 9.16581e+00 1.11175e+01
3.20000e+02 2.96387e+00 3.52947e+00
8.00000e+01 1.47204e+02 1.98683e+02
2.20000e+02 6.28206e+00 7.81070e+00
3.20000e+02 1.25880e+00 1.48067e+00
1.00000e+02 1.69950e+02 2.22770e+02
2.20000e+02 5.40420e+00 6.52738e+00
3.20000e+02 2.43842e+00 2.93124e+00
8.00000e+01 2.45838e+02 3.24200e+02
2.20000e+02 1.07329e+01 1.30194e+01
3.20000e+02 2.76719e+00 3.33405e+00
1.00000e+02 1.50822e+02 1.88205e+02
2.20000e+02 6.43640e+00 7.70786e+00
3.20000e+02 3.02499e+00 3.68521e+00
1.00000e+02 2.20238e+02 2.87152e+02
1.60000e+02 2.89900e+01 3.67030e+01
2.80000e+02 1.88686e+00 2.33288e+00
3.80000e+02 1.48307e+00 1.71452e+00
8.00000e+01 3.63965e+02 4.96495e+02
1.80000e+02 2.26707e+01 2.78230e+01
3.00000e+02 3.58780e+00 4.32129e+00
4.00000e+02 1.15458e+00 1.38461e+00
6.00000e+01 6.58666e+02 8.60407e+02
1.80000e+02 2.52800e+01 3.10583e+01
3.00000e+02 3.24201e+00 3.87050e+00
4.00000e+02 1.06622e+00 1.26340e+00
6.00000e+01 3.98203e+02 5.33896e+02
1.80000e+02 1.90304e+01 2.32530e+01
2.60000e+02 6.88237e+00 8.27271e+00
3.60000e+02 7.77183e-01 9.24206e-01
6.00000e+01 3.63853e+02 4.65584e+02
1.80000e+02 2.53714e+01 3.11637e+01
2.60000e+02 3.95845e+00 4.90032e+00
3.60000e+02 1.79452e+00 2.18605e+00
8.00000e+01 4.68668e+02 6.22719e+02
1.80000e+02 1.59783e+01 1.99285e+01
2.60000e+02 6.81258e+00 8.48307e+00
3.60000e+02 1.80452e+00 2.16277e+00
1.00000e+02 1.94858e+02 2.57132e+02
2.20000e+02 4.84108e+00 5.84784e+00
3.20000e+02 1.46347e+00 1.78242e+00
8.00000e+01 1.68855e+02 2.16858e+02
2.00000e+02 1.70710e+01 2.12050e+01
2.80000e+02 3.60346e+00 4.36716e+00
3.60000e+02 1.09906e+00 1.28503e+00
1.00000e+02 1.97766e+02 2.56231e+02
2.00000e+02 7.68122e+00 9.25589e+00
2.80000e+02 1.92213e+00 2.34399e+00
3.60000e+02 1.27075e+00 1.55524e+00
8.00000e+01 2.52053e+02 3.28863e+02
2.00000e+02 1.07891e+01 1.33769e+01
2.80000e+02 2.12062e+00 2.58058e+00
3.60000e+02 9.01763e-01 1.08953e+00
1.20000e+02 9.52271e+01 1.18870e+02
2.20000e+02 4.85700e+00 6.00073e+00
3.20000e+02 1.26071e+00 1.51868e+00
1.00000e+02 1.21688e+02 1.52954e+02
2.20000e+02 1.31078e+01 1.58968e+01
3.20000e+02 2.78417e+00 3.28412e+00
1.20000e+02 1.14338e+02 1.46109e+02
2.20000e+02 5.33795e+00 6.45494e+00
3.20000e+02 3.07328e+00 3.61367e+00
1.20000e+02 4.48599e+01 5.68059e+01
2.40000e+02 7.74781e+00 9.35813e+00
3.40000e+02 2.34223e+00 2.80595e+00
1.20000e+02 4.47762e+01 5.72419e+01
2.40000e+02 6.54888e+00 7.96187e+00
3.40000e+02 2.16983e+00 2.52846e+00
8.00000e+01 2.57054e+02 3.24949e+02
2.40000e+02 9.70830e+00 1.16284e+01
3.20000e+02 2.14677e+00 2.52810e+00
1.20000e+02 5.33962e+01 6.87399e+01
2.40000e+02 5.61715e+00 6.62504e+00
3.40000e+02 1.35853e+00 1.65308e+00
8.00000e+01 3.12366e+02 4.09161e+02
2.40000e+02 4.56872e+00 5.52727e+00
3.40000e+02 1.67358e+00 1.94754e+00
1.20000e+02 9.43956e+01 1.16271e+02
2.40000e+02 3.88167e+00 4.75022e+00
3.40000e+02 1.13286e+00 1.36977e+00
1.20000e+02 1.15866e+02 1.49821e+02
2.40000e+02 9.31007e+00 1.14771e+01
3.20000e+02 1.75509e+00 2.11631e+00
1.00000e+02 1.73777e+02 2.22626e+02
2.40000e+02 3.47447e+00 4.28731e+00
3.40000e+02 1.87741e+00 2.30815e+00
1.00000e+02 1.50100e+02 1.91287e+02
2.40000e+02 9.55573e+00 1.15042e+01
3.40000e+02 2.32450e+00 2.77574e+00
1.20000e+02 4.05564e+01 5.13379e+01
1.60000e+02 4.28381e+01 5.25073e+01
2.60000e+02 5.65213e+00 6.81077e+00
3.80000e+02 8.74094e-01 1.02718e+00
8.00000e+01 2.02050e+02 2.65645e+02
1.80000e+02 2.76021e+01 3.42520e+01
2.80000e+02 3.02430e+00 3.67414e+00
3.80000e+02 7.18706e-01 8.62966e-01
1.00000e+02 2.15761e+02 2.83778e+02
2.00000e+02 1.81814e+01 2.26800e+01
3.00000e+02 1.89367e+00 2.28731e+00
4.00000e+02 4.88766e-01 5.88240e-01
1.00000e+02 7.33952e+01 9.46408e+01
2.20000e+02 1.20719e+01 1.46879e+01
3.00000e+02 1.91241e+00 2.32050e+00
4.00000e+02 4.49631e-01 5.33449e-01
1.40000e+02 3.16912e+01 3.97102e+01
1.60000e+02 1.50619e+01 1.89736e+01
2.60000e+02 7.09230e+00 8.50134e+00
3.40000e+02 1.64389e+00 1.97155e+00
1.40000e+02 3.14487e+01 3.99111e+01
2.20000e+02 1.07190e+01 1.31440e+01
3.00000e+02 2.67607e+00 3.27758e+00
4.00000e+02 4.85036e-01 5.92605e-01
1.20000e+02 6.66996e+01 8.31698e+01
2.00000e+02 8.88509e+00 1.11442e+01
3.00000e+02 2.31036e+00 2.73675e+00
4.00000e+02 9.63714e-01 1.13947e+00
1.20000e+02 1.17367e+02 1.49239e+02
2.00000e+02 1.85025e+01 2.30409e+01
3.00000e+02 3.89884e+00 4.72710e+00
4.00000e+02 1.15668e+00 1.38241e+00
1.20000e+02 1.18830e+02 1.48828e+02
2.00000e+02 7.55936e+00 9.38091e+00
3.00000e+02 3.20826e+00 3.83746e+00
4.00000e+02 4.95241e-01 5.77999e-01
1.00000e+02 9.75048e+01 1.23204e+02
2.00000e+02 7.66440e+00 9.35082e+00
3.00000e+02 3.98999e+00 4.76819e+00
4.00000e+02 4.45643e-01 5.33270e-01
1.40000e+02 6.88319e+01 8.60034e+01
1.40000e+02 2.63121e+01 3.36998e+01
2.40000e+02 6.71472e+00 8.09328e+00
3.40000e+02 2.14914e+00 2.59785e+00
1.20000e+02 1.06352e+02 1.33978e+02
1.60000e+02 3.39240e+01 4.29709e+01
2.40000e+02 3.46293e+00 4.23062e+00
3.40000e+02 2.29603e+00 2.76877e+00
6.00000e+01 1.35406e+03 1.76523e+03
1.40000e+02 3.17992e+01 3.96523e+01
2.40000e+02 7.75853e+00 9.38867e+00
3.40000e+02 2.39464e+00 2.87079e+00
1.00000e+02 7.95472e+01 1.04478e+02
1.60000e+02 3.47508e+01 4.28581e+01
2.60000e+02 6.31177e+00 7.65061e+00
3.60000e+02 1.70039e+00 2.04874e+00
1.20000e+02 7.75175e+01 9.99121e+01
1.60000e+02 4.20475e+01 5.25921e+01
2.60000e+02 6.24176e+00 7.70866e+00
3.60000e+02 1.29057e+00 1.55855e+00
6.00000e+01 1.18031e+03 1.59099e+03
1.60000e+02 4.28185e+01 5.28252e+01
2.60000e+02 4.76079e+00 5.90970e+00
3.40000e+02 1.14006e+00 1.36226e+00
1.00000e+02 8.14521e+01 1.05583e+02
1.60000e+02 2.01308e+01 2.53417e+01
2.60000e+02 6.30660e+00 7.74072e+00
3.60000e+02 1.49999e+00 1.81669e+00
6.00000e+01 5.21369e+02 6.59648e+02
1.80000e+02 2.76662e+01 3.42806e+01
2.60000e+02 4.03889e+00 4.90643e+00
3.60000e+02 1.08524e+00 1.30716e+00
6.00000e+01 8.28312e+02 1.11593e+03
1.80000e+02 2.76908e+01 3.38069e+01
2.60000e+02 2.55166e+00 3.13760e+00
3.60000e+02 7.18531e-01 8.42041e-01
6.00000e+01 4.00369e+02 5.33862e+02
1.80000e+02 1.31825e+01 1.63574e+01
2.80000e+02 2.48093e+00 3.06158e+00
3.60000e+02 7.80477e-01 9.18426e-01
1.40000e+02 4.62842e+01 5.81759e+01
1.60000e+02 1.69061e+01 2.12298e+01
2.60000e+02 3.37109e+00 4.08632e+00
3.60000e+02 9.08035e-01 1.07396e+00
8.00000e+01 4.71500e+02 5.86043e+02
1.80000e+02 2.24069e+01 2.74193e+01
3.00000e+02 3.97587e+00 4.71439e+00
3.80000e+02 8.60788e-01 1.03801e+00
8.00000e+01 1.45826e+02 1.95592e+02
1.80000e+02 1.11968e+01 1.37129e+01
3.00000e+02 1.61481e+00 1.96995e+00
3.80000e+02 1.00875e+00 1.21150e+00
1.20000e+02 4.46997e+01 5.72798e+01
2.00000e+02 8.95300e+00 1.10615e+01
3.00000e+02 3.55953e+00 4.40653e+00
3.80000e+02 1.04416e+00 1.21172e+00
1.20000e+02 1.14239e+02 1.44683e+02
2.00000e+02 6.91748e+00 8.44921e+00
2.80000e+02 3.58366e+00 4.40723e+00
3.80000e+02 1.36298e+00 1.61600e+00
1.00000e+02 7.31890e+01 9.61910e+01
1.60000e+02 2.91142e+01 3.67158e+01
2.60000e+02 2.80840e+00 3.43763e+00
3.60000e+02 7.06470e-01 8.34542e-01
1.00000e+02 1.75659e+02 2.21792e+02
1.60000e+02 2.03145e+01 2.47429e+01
2.80000e+02 2.48681e+00 3.01421e+00
3.80000e+02 6.14659e-01 7.22003e-01
1.20000e+02 5.26044e+01 6.81541e+01
1.60000e+02 2.93623e+01 3.63963e+01
2.60000e+02 6.89934e+00 8.17433e+00
3.80000e+02 1.48599e+00 1.78324e+00
8.00000e+01 2.03645e+02 2.60289e+02
1.60000e+02 3.87875e+01 4.82343e+01
2.80000e+02 4.27837e+00 5.15897e+00
3.80000e+02 1.33750e+00 1.58911e+00
1.40000e+02 5.45259e+01 6.92507e+01
1.60000e+02 1.70016e+01 2.12533e+01
2.60000e+02 5.71074e+00 6.79336e+00
3.60000e+02 1.49955e+00 1.79086e+00
8.00000e+01 1.97433e+02 2.58116e+02
1.60000e+02 1.68702e+01 2.11712e+01
2.60000e+02 4.06929e+00 4.82049e+00
3.80000e+02 5.60975e-01 6.58493e-01
8.00000e+01 4.88926e+02 6.28229e+02
1.40000e+02 2.45801e+01 2.98133e+01
2.40000e+02 4.55115e+00 5.53223e+00
3.60000e+02 6.97976e-01 8.29881e-01
1.20000e+02 1.05389e+02 1.33227e+02
1.60000e+02 2.87037e+01 3.61531e+01
2.80000e+02 2.17350e+00 2.56655e+00
3.80000e+02 1.19400e+00 1.44017e+00
1.00000e+02 8.28423e+01 1.04909e+02
1.80000e+02 1.32254e+01 1.63652e+01
3.00000e+02 3.24653e+00 3.88193e+00
3.80000e+02 1.45088e+00 1.69858e+00
6.00000e+01 1.36631e+03 1.81306e+03
1.60000e+02 4.31306e+01 5.31732e+01
2.60000e+02 2.84199e+00 3.49661e+00
3.60000e+02 1.30558e+00 1.54279e+00
8.00000e+01 1.48771e+02 1.96363e+02
2.00000e+02 9.07980e+00 1.09901e+01
3.00000e+02 2.28401e+00 2.75982e+00
3.80000e+02 6.28869e-01 7.30018e-01
8.00000e+01 1.64790e+02 2.16030e+02
1.80000e+02 1.11996e+01 1.40196e+01
2.80000e+02 2.15734e+00 2.57476e+00
3.80000e+02 6.11415e-01 7.33000e-01
8.00000e+01 3.86579e+02 4.97117e+02
2.00000e+02 7.67586e+00 9.32029e+00
3.00000e+02 2.73496e+00 3.30271e+00
3.80000e+02 1.01357e+00 1.22376e+00
8.00000e+01 1.50477e+02 1.94657e+02
1.60000e+02 1.67581e+01 2.12122e+01
2.60000e+02 6.92965e+00 8.46919e+00
3.40000e+02 1.37096e+00 1.65158e+00
1.40000e+02 3.86772e+01 4.78465e+01
1.60000e+02 3.43886e+01 4.30366e+01
2.60000e+02 3.96220e+00 4.89866e+00
3.60000e+02 1.69229e+00 2.02822e+00
8.00000e+01 3.14228e+02 4.05728e+02
2.20000e+02 6.29062e+00 7.74825e+00
3.00000e+02 3.92972e+00 4.62883e+00
4.00000e+02 6.86651e-01 8.26765e-01
6.00000e+01 1.05678e+03 1.33079e+03
2.20000e+02 1.34291e+01 1.61722e+01
3.00000e+02 3.77295e+00 4.60135e+00
3.80000e+02 8.59238e-01 1.03251e+00
6.00000e+01 3.54004e+02 4.78848e+02
2.20000e+02 7.56510e+00 9.47639e+00
3.20000e+02 1.47438e+00 1.76385e+00
4.00000e+02 1.19473e+00 1.41279e+00
6.00000e+01 6.59840e+02 8.71172e+02
2.20000e+02 4.80489e+00 5.91417e+00
3.00000e+02 3.64208e+00 4.32012e+00
4.00000e+02 1.19284e+00 1.39095e+00
1.40000e+02 6.60910e+01 8.44575e+01
1.60000e+02 2.00253e+01 2.42867e+01
2.60000e+02 2.83806e+00 3.52784e+00
3.80000e+02 1.48487e+00 1.76872e+00
6.00000e+01 6.48473e+02 8.60121e+02
2.20000e+02 1.31081e+01 1.58280e+01
3.20000e+02 1.76804e+00 2.08963e+00
4.00000e+02 1.06615e+00 1.28035e+00
1.40000e+02 6.32697e+01 7.74621e+01
2.20000e+02 1.32744e+01 1.62836e+01
3.00000e+02 1.90021e+00 2.29177e+00
4.00000e+02 1.07286e+00 1.27045e+00
1.40000e+02 6.86364e+01 8.54265e+01
2.20000e+02 5.45633e+00 6.60358e+00
3.00000e+02 3.83812e+00 4.64882e+00
4.00000e+02 6.87342e-01 8.06719e-01
1.00000e+02 1.73993e+02 2.25798e+02
2.20000e+02 1.32212e+01 1.62721e+01
3.20000e+02 2.97872e+00 3.60524e+00
4.00000e+02 6.90999e-01 8.08985e-01
6.00000e+01 1.22062e+03 1.59125e+03
1.60000e+02 2.42780e+01 2.98524e+01
2.60000e+02 3.36258e+00 4.10498e+00
3.80000e+02 1.19276e+00 1.43892e+00
1.40000e+02 6.92670e+01 8.57298e+01
2.00000e+02 1.31268e+01 1.59129e+01
3.00000e+02 1.63445e+00 1.98020e+00
4.00000e+02 1.16923e+00 1.38146e+00
1.40000e+02 4.66454e+01 5.92096e+01
1.80000e+02 1.29135e+01 1.62598e+01
3.00000e+02 3.90432e+00 4.68377e+00
4.00000e+02 5.70220e-01 6.80096e-01
6.00000e+01 1.35597e+03 1.72621e+03
1.80000e+02 1.58822e+01 2.00348e+01
2.80000e+02 2.13773e+00 2.59058e+00
4.00000e+02 1.17076e+00 1.40560e+00
1.00000e+02 1.21703e+02 1.56556e+02
1.60000e+02 2.36275e+01 2.99635e+01
2.60000e+02 6.71506e+00 8.29386e+00
3.60000e+02 1.68959e+00 2.01787e+00
1.20000e+02 9.40711e+01 1.19240e+02
2.00000e+02 1.82142e+01 2.26362e+01
2.80000e+02 4.73984e+00 5.76817e+00
3.80000e+02 6.13806e-01 7.27360e-01
1.00000e+02 7.36729e+01 9.41235e+01
1.60000e+02 4.18857e+01 5.23652e+01
2.40000e+02 5.39992e+00 6.59424e+00
3.40000e+02 9.75202e-01 1.19123e+00
1.20000e+02 5.35792e+01 6.81086e+01
1.80000e+02 2.72250e+01 3.38075e+01
2.80000e+02 3.03722e+00 3.66909e+00
3.60000e+02 1.28455e+00 1.54968e+00
1.40000e+02 6.58828e+01 8.49632e+01
1.80000e+02 1.58611e+01 1.96805e+01
2.60000e+02 2.88008e+00 3.42286e+00
3.60000e+02 1.68901e+00 2.02760e+00
1.00000e+02 2.12905e+02 2.74573e+02
1.80000e+02 2.25109e+01 2.75915e+01
2.80000e+02 2.50396e+00 2.99832e+00
4.00000e+02 9.58561e-01 1.13592e+00
1.00000e+02 9.93808e+01 1.25328e+02
1.80000e+02 1.91385e+01 2.37046e+01
2.80000e+02 2.54581e+00 3.02064e+00
4.00000e+02 8.31082e-01 9.70214e-01
8.00000e+01 4.58956e+02 6.01078e+02
1.80000e+02 1.91231e+01 2.36578e+01
2.80000e+02 5.13386e+00 6.32800e+00
4.00000e+02 1.19905e+00 1.40252e+00
8.00000e+01 3.10151e+02 4.14008e+02
2.00000e+02 1.87649e+01 2.36539e+01
2.80000e+02 3.59440e+00 4.37530e+00
4.00000e+02 1.17901e+00 1.37859e+00
6.00000e+01 5.01181e+02 6.71973e+02
1.60000e+02 3.81948e+01 4.75131e+01
2.60000e+02 3.31628e+00 4.10822e+00
3.80000e+02 1.46042e+00 1.69784e+00
8.00000e+01 3.67218e+02 4.92264e+02
2.40000e+02 8.54952e+00 1.05219e+01
3.40000e+02 8.71648e-01 1.04360e+00
8.00000e+01 4.74817e+02 6.31655e+02
2.40000e+02 3.96801e+00 4.71517e+00
3.40000e+02 1.63647e+00 1.94497e+00
8.00000e+01 3.13691e+02 4.13193e+02
2.40000e+02 9.49337e+00 1.16438e+01
3.40000e+02 1.14402e+00 1.36168e+00
8.00000e+01 4.81865e+02 6.29610e+02
2.00000e+02 6.80021e+00 8.61055e+00
3.00000e+02 2.29405e+00 2.76756e+00
4.00000e+02 8.19032e-01 9.75117e-01
8.00000e+01 2.54356e+02 3.24262e+02
2.40000e+02 9.31021e+00 1.12432e+01
3.40000e+02 9.73849e-01 1.17218e+00
8.00000e+01 2.02317e+02 2.63604e+02
2.40000e+02 3.48244e+00 4.29553e+00
3.40000e+02 1.38026e+00 1.65315e+00
1.40000e+02 6.11114e+01 7.69854e+01
2.00000e+02 1.51042e+01 1.87873e+01
1.40000e+02 2.64869e+01 3.40031e+01
1.80000e+02 1.33067e+01 1.62983e+01
1.40000e+02 5.39395e+01 6.73389e+01
2.00000e+02 1.53874e+01 1.87131e+01
1.00000e+02 1.44860e+02 1.93015e+02
1.60000e+02 1.51804e+01 1.92020e+01
2.60000e+02 6.89576e+00 8.41692e+00
3.40000e+02 8.81657e-01 1.07189e+00
6.00000e+01 5.02355e+02 6.81717e+02
1.80000e+02 2.25796e+01 2.85584e+01
2.80000e+02 5.15901e+00 6.22251e+00
3.60000e+02 6.90606e-01 8.38221e-01
6.00000e+01 1.03189e+03 1.32026e+03
1.80000e+02 2.59682e+01 3.09881e+01
2.80000e+02 4.75340e+00 5.81294e+00
3.60000e+02 1.79420e+00 2.14590e+00
1.40000e+02 5.45761e+01 6.92245e+01
2.00000e+02 1.05611e+01 1.34249e+01
3.00000e+02 1.47410e+00 1.79035e+00
4.00000e+02 9.70996e-01 1.14435e+00
1.40000e+02 2.39097e+01 2.97242e+01
2.00000e+02 1.90225e+01 2.32700e+01
2.80000e+02 5.09723e+00 6.28782e+00
4.00000e+02 9.55601e-01 1.15374e+00
1.20000e+02 9.34709e+01 1.19831e+02
1.60000e+02 3.42995e+01 4.31268e+01
2.60000e+02 4.83896e+00 5.85166e+00
3.60000e+02 1.81523e+00 2.18201e+00
6.00000e+01 4.08484e+02 5.36640e+02
2.00000e+02 1.92647e+01 2.30796e+01
2.80000e+02 4.67086e+00 5.77013e+00
3.60000e+02 1.48496e+00 1.78560e+00
6.00000e+01 1.32601e+03 1.79078e+03
1.80000e+02 1.14247e+01 1.35782e+01
2.80000e+02 4.23933e+00 5.09649e+00
3.80000e+02 5.53292e-01 6.63671e-01
6.00000e+01 1.30686e+03 1.75191e+03
2.00000e+02 1.29210e+01 1.60682e+01
2.80000e+02 4.69957e+00 5.80016e+00
3.80000e+02 7.03182e-01 8.46833e-01
6.00000e+01 8.34241e+02 1.08203e+03
1.80000e+02 9.95336e+00 1.24052e+01
2.60000e+02 4.82980e+00 5.87351e+00
3.80000e+02 1.04205e+00 1.22266e+00
6.00000e+01 8.44076e+02 1.10449e+03
1.80000e+02 2.51353e+01 3.15924e+01
2.80000e+02 5.17814e+00 6.19250e+00
3.60000e+02 1.86297e+00 2.21757e+00
1.00000e+02 1.99006e+02 2.58255e+02
2.00000e+02 1.71454e+01 2.09454e+01
2.80000e+02 2.99595e+00 3.67150e+00
3.80000e+02 5.59104e-01 6.80619e-01
1.20000e+02 4.11558e+01 5.18564e+01
1.60000e+02 3.87454e+01 4.78489e+01
2.60000e+02 2.57369e+00 3.13647e+00
3.60000e+02 1.89463e+00 2.25424e+00
6.00000e+01 1.34448e+03 1.78616e+03
2.20000e+02 1.20879e+01 1.49253e+01
3.20000e+02 1.45733e+00 1.76706e+00
6.00000e+01 1.20374e+03 1.62849e+03
2.00000e+02 1.71368e+01 2.10011e+01
3.00000e+02 1.49961e+00 1.75686e+00
4.00000e+02 6.92778e-01 8.12315e-01
6.00000e+01 1.01117e+03 1.34087e+03
2.20000e+02 1.20464e+01 1.47514e+01
3.20000e+02 2.09420e+00 2.54444e+00
8.00000e+01 3.76943e+02 4.78692e+02
2.20000e+02 1.32770e+01 1.61494e+01
3.20000e+02 3.02600e+00 3.65783e+00
4.00000e+02 5.80758e-01 6.84112e-01
6.00000e+01 4.06765e+02 5.43102e+02
2.20000e+02 9.08338e+00 1.12303e+01
3.20000e+02 1.47899e+00 1.74724e+00
8.00000e+01 4.58093e+02 6.07846e+02
2.20000e+02 1.06196e+01 1.31491e+01
3.20000e+02 2.47947e+00 3.00960e+00
8.00000e+01 4.36993e+02 5.69263e+02
2.20000e+02 7.58430e+00 9.25520e+00
3.20000e+02 1.75011e+00 2.12077e+00
1.00000e+02 8.13859e+01 1.04617e+02
2.40000e+02 4.61722e+00 5.49053e+00
3.40000e+02 1.91816e+00 2.30158e+00
8.00000e+01 4.34400e+02 5.50395e+02
2.00000e+02 1.52990e+01 1.85970e+01
3.00000e+02 3.14125e+00 3.89167e+00
4.00000e+02 1.08204e+00 1.27996e+00
1.20000e+02 4.51860e+01 5.67842e+01
2.00000e+02 1.87053e+01 2.27719e+01
3.00000e+02 1.47287e+00 1.74503e+00
4.00000e+02 8.33405e-01 9.83890e-01
6.00000e+01 1.01645e+03 1.39148e+03
2.00000e+02 1.07222e+01 1.32730e+01
3.00000e+02 1.61023e+00 1.97041e+00
4.00000e+02 5.80426e-01 6.85168e-01
1.20000e+02 4.02059e+01 5.15323e+01
1.60000e+02 1.54766e+01 1.88610e+01
2.60000e+02 6.68615e+00 8.25816e+00
3.60000e+02 8.93443e-01 1.08818e+00
1.00000e+02 9.80094e+01 1.27938e+02
1.80000e+02 9.91449e+00 1.23399e+01
2.80000e+02 1.93552e+00 2.31575e+00
3.80000e+02 1.35030e+00 1.61066e+00
1.00000e+02 2.20315e+02 2.85074e+02
1.60000e+02 1.51559e+01 1.87868e+01
2.60000e+02 4.82871e+00 5.77221e+00
3.80000e+02 1.20964e+00 1.41170e+00
1.00000e+02 1.47680e+02 1.88709e+02
1.80000e+02 1.01670e+01 1.24752e+01
2.80000e+02 5.02079e+00 6.23738e+00
3.80000e+02 1.44873e+00 1.71122e+00
1.40000e+02 2.42540e+01 3.04492e+01
2.20000e+02 9.20502e+00 1.12463e+01
3.20000e+02 3.00343e+00 3.69194e+00
1.20000e+02 5.28348e+01 6.81549e+01
2.20000e+02 1.06077e+01 1.28694e+01
3.20000e+02 2.46633e+00 2.95482e+00
1.20000e+02 6.58693e+01 8.25758e+01
2.20000e+02 7.60376e+00 9.51642e+00
3.20000e+02 1.13617e+00 1.36244e+00
1.20000e+02 7.83822e+01 9.80862e+01
2.20000e+02 5.39619e+00 6.50468e+00
3.20000e+02 2.95379e+00 3.61053e+00
1.20000e+02 1.16444e+02 1.47968e+02
2.20000e+02 9.24057e+00 1.11424e+01
3.20000e+02 1.75459e+00 2.11675e+00
8.00000e+01 1.65520e+02 2.16099e+02
2.20000e+02 6.31459e+00 7.71415e+00
3.20000e+02 2.97271e+00 3.58339e+00
1.00000e+02 7.41593e+01 9.24441e+01
2.20000e+02 1.27313e+01 1.60521e+01
3.20000e+02 2.78576e+00 3.30341e+00
1.40000e+02 3.84543e+01 4.90700e+01
2.00000e+02 6.81335e+00 8.45131e+00
3.00000e+02 2.68509e+00 3.33605e+00
3.80000e+02 1.35146e+00 1.59441e+00
6.00000e+01 3.56073e+02 4.92980e+02
1.60000e+02 4.16665e+01 5.25586e+01
2.40000e+02 3.87171e+00 4.74368e+00
3.40000e+02 1.88303e+00 2.27159e+00
1.40000e+02 3.77118e+01 4.72039e+01
2.00000e+02 9.09178e+00 1.09900e+01
3.00000e+02 1.44446e+00 1.75936e+00
3.80000e+02 1.48398e+00 1.77908e+00
6.00000e+01 1.37860e+03 1.80370e+03
2.00000e+02 1.28849e+01 1.62273e+01
2.80000e+02 1.93906e+00 2.35613e+00
3.80000e+02 7.18736e-01 8.49350e-01
1.20000e+02 7.89164e+01 1.01390e+02
1.60000e+02 4.33841e+01 5.32253e+01
2.60000e+02 3.40678e+00 4.07608e+00
3.60000e+02 7.75098e-01 9.20836e-01
1.00000e+02 2.21629e+02 2.82082e+02
1.60000e+02 2.38700e+01 3.05841e+01
2.60000e+02 5.61911e+00 6.83162e+00
3.60000e+02 1.09121e+00 1.28162e+00
1.20000e+02 1.14524e+02 1.43542e+02
1.80000e+02 1.91058e+01 2.38509e+01
2.80000e+02 4.24150e+00 5.11162e+00
3.80000e+02 8.66437e-01 1.02017e+00
1.00000e+02 2.17635e+02 2.77334e+02
1.80000e+02 2.76458e+01 3.32572e+01
2.80000e+02 5.22628e+00 6.22482e+00
3.60000e+02 7.72959e-01 9.27365e-01
1.20000e+02 7.75483e+01 1.01818e+02
1.80000e+02 2.80703e+01 3.48385e+01
2.60000e+02 5.65437e+00 6.87955e+00
3.60000e+02 1.52320e+00 1.77202e+00
1.00000e+02 1.19894e+02 1.53555e+02
1.60000e+02 4.22701e+01 5.12895e+01
2.60000e+02 2.64074e+00 3.13481e+00
3.60000e+02 9.12342e-01 1.07212e+00
1.20000e+02 1.06709e+02 1.34232e+02
2.40000e+02 9.27446e+00 1.11901e+01
3.40000e+02 2.15651e+00 2.58176e+00
1.20000e+02 1.18596e+02 1.51350e+02
2.40000e+02 5.39713e+00 6.72107e+00
3.40000e+02 2.28134e+00 2.82027e+00
1.20000e+02 6.63918e+01 8.44584e+01
2.40000e+02 3.86612e+00 4.75610e+00
3.40000e+02 9.68403e-01 1.15821e+00
1.20000e+02 4.00340e+01 5.07583e+01
2.40000e+02 3.50275e+00 4.27955e+00
3.40000e+02 2.37040e+00 2.81863e+00
1.20000e+02 1.08202e+02 1.36315e+02
2.40000e+02 9.57326e+00 1.15614e+01
3.40000e+02 1.90928e+00 2.31507e+00
1.00000e+02 2.00655e+02 2.50248e+02
2.40000e+02 8.58475e+00 1.05015e+01
3.40000e+02 8.80367e-01 1.07028e+00
1.20000e+02 6.59443e+01 8.12597e+01
2.40000e+02 4.48738e+00 5.53684e+00
3.40000e+02 1.15514e+00 1.38331e+00
1.40000e+02 4.72978e+01 5.82098e+01
1.80000e+02 1.57439e+01 2.01673e+01
3.00000e+02 1.93154e+00 2.29204e+00
3.80000e+02 7.13698e-01 8.60234e-01
1.40000e+02 2.41787e+01 3.01612e+01
1.60000e+02 1.95979e+01 2.49785e+01
2.80000e+02 5.20062e+00 6.20710e+00
3.60000e+02 1.09064e+00 1.30504e+00
1.40000e+02 4.58923e+01 5.73625e+01
1.80000e+02 1.12161e+01 1.38219e+01
2.80000e+02 4.28284e+00 5.10043e+00
3.80000e+02 1.18504e+00 1.41766e+00
1.40000e+02 2.67531e+01 3.36961e+01
1.80000e+02 9.85823e+00 1.23794e+01
2.80000e+02 3.56325e+00 4.44513e+00
3.80000e+02 5.61495e-01 6.66794e-01
1.40000e+02 6.14759e+01 7.75477e+01
1.80000e+02 2.80814e+01 3.46509e+01
2.80000e+02 3.01538e+00 3.60850e+00
3.80000e+02 1.44197e+00 1.73883e+00
1.00000e+02 2.19611e+02 2.83582e+02
2.40000e+02 8.59453e+00 1.05012e+01
3.40000e+02 2.10500e+00 2.57205e+00
8.00000e+01 4.32325e+02 5.71750e+02
2.40000e+02 6.51279e+00 8.02699e+00
3.40000e+02 1.36897e+00 1.64859e+00
8.00000e+01 4.21716e+02 5.55461e+02
2.40000e+02 7.67699e+00 9.34489e+00
3.40000e+02 1.64344e+00 1.98479e+00
6.00000e+01 1.19689e+03 1.58412e+03
1.60000e+02 2.44028e+01 3.00692e+01
2.60000e+02 6.33094e+00 7.60481e+00
3.60000e+02 1.87464e+00 2.22387e+00
6.00000e+01 6.55928e+02 8.55241e+02
1.60000e+02 3.81453e+01 4.83759e+01
2.60000e+02 2.58357e+00 3.14169e+00
3.60000e+02 1.84561e+00 2.20216e+00
6.00000e+01 3.67943e+02 4.77138e+02
2.00000e+02 1.53160e+01 1.90838e+01
3.00000e+02 3.57030e+00 4.36080e+00
4.00000e+02 4.50504e-01 5.33464e-01
1.40000e+02 6.81604e+01 8.50117e+01
2.20000e+02 4.93652e+00 5.86092e+00
3.00000e+02 1.62507e+00 1.98392e+00
4.00000e+02 8.31145e-01 9.77351e-01
1.00000e+02 9.78770e+01 1.26820e+02
2.40000e+02 5.56727e+00 6.74507e+00
3.40000e+02 8.82959e-01 1.05605e+00
1.00000e+02 2.17441e+02 2.71653e+02
2.40000e+02 9.23711e+00 1.13067e+01
3.40000e+02 9.81279e-01 1.18476e+00
6.00000e+01 8.35983e+02 1.13601e+03
2.40000e+02 7.44978e+00 9.30135e+00
3.40000e+02 2.37311e+00 2.79613e+00
8.00000e+01 4.56054e+02 6.06589e+02
2.40000e+02 6.68460e+00 8.10898e+00
3.40000e+02 2.33332e+00 2.78583e+00
8.00000e+01 1.64075e+02 2.20098e+02
2.00000e+02 1.29051e+01 1.59563e+01
3.00000e+02 2.72016e+00 3.28936e+00
4.00000e+02 5.74428e-01 6.84080e-01
6.00000e+01 1.30013e+03 1.69296e+03
2.40000e+02 8.53087e+00 1.04213e+01
3.20000e+02 1.24102e+00 1.48757e+00
