masses      stau_mix      LO_data      NLO_data      NLO_err      Alpha_err      time_elapsed
8.29210e+02 9.99980e-01 2.92479e-02 3.28380e-02 2.01090e-03 6.35378e-04 9.32371e+04
2.58660e+03 9.99840e-01 1.21814e-06 1.33329e-06 5.08550e-07 -8.62598e-08 9.32371e+04
1.85210e+03 -2.32180e-03 2.67496e-05 3.13843e-05 5.17568e-06 1.08407e-08 9.32371e+04
5.48240e+02 1.00000e+00 2.69715e-01 3.20954e-01 1.22898e-02 8.33672e-04 9.32371e+04
4.63250e+02 9.99950e-01 6.08729e-01 7.32636e-01 2.79739e-02 2.10096e-02 9.32371e+04
1.94490e+03 9.99960e-01 3.77674e-05 4.24905e-05 7.89384e-06 7.06698e-07 9.32371e+04
1.93200e+03 1.00000e+00 4.01562e-05 4.45426e-05 8.32592e-06 -8.50833e-08 9.32371e+04
1.67110e+03 9.99970e-01 1.78310e-04 1.94013e-04 2.34815e-05 -2.19849e-06 9.32371e+04
3.46130e+02 9.99960e-01 2.21033e+00 2.62074e+00 1.15604e-01 5.61421e-02 9.32371e+04
1.90550e+03 9.99810e-01 4.85328e-05 5.45511e-05 8.81606e-06 -2.04648e-06 9.32371e+04
8.29760e+02 1.28450e-01 1.21585e-02 1.45050e-02 8.14702e-04 -7.59503e-04 9.32371e+04
9.66340e+02 -3.96330e-03 4.56395e-03 5.46221e-03 3.61887e-04 9.05773e-05 9.32371e+04
2.23520e+03 -4.62400e-03 3.51092e-06 3.87231e-06 1.08970e-06 -1.25035e-07 9.32371e+04
1.98170e+03 9.99920e-01 3.10128e-05 3.40854e-05 7.05371e-06 1.31235e-06 9.32371e+04
7.59400e+02 -1.23040e-01 1.89966e-02 2.30288e-02 1.40738e-03 6.58788e-04 9.32371e+04
1.30580e+03 9.99960e-01 1.34333e-03 1.59989e-03 1.31096e-04 -6.92150e-05 9.32371e+04
2.25310e+03 -2.63470e-02 3.13408e-06 3.48269e-06 9.41280e-07 8.78142e-08 9.32371e+04
1.53150e+03 9.99960e-01 3.87658e-04 4.31201e-04 4.24708e-05 6.94546e-06 9.32371e+04
1.47830e+03 9.99970e-01 5.11633e-04 5.79652e-04 5.74596e-05 9.33722e-07 9.32371e+04
6.51900e+02 9.99970e-01 1.17111e-01 1.33280e-01 5.69352e-03 -4.71758e-04 9.32371e+04
1.71200e+02 9.79190e-01 3.06521e+01 3.90296e+01 1.29518e+00 1.82809e+00 9.32371e+04
1.40230e+03 -1.10010e-02 3.31985e-04 3.69948e-04 3.77973e-05 2.37652e-07 9.32371e+04
6.07780e+02 7.18500e-04 6.50479e-02 7.38992e-02 3.52077e-03 -1.65928e-04 9.32371e+04
2.64380e+03 9.99810e-01 8.97613e-07 9.87413e-07 4.08036e-07 -3.68547e-08 9.32371e+04
2.03250e+03 -4.71510e-04 1.01558e-05 1.12923e-05 2.42282e-06 -1.24890e-07 9.32371e+04
2.69030e+03 2.13950e-03 3.16991e-07 3.49582e-07 1.61830e-07 -3.50951e-09 9.32371e+04
5.26590e+02 2.67160e-02 1.30008e-01 1.53299e-01 6.74349e-03 -2.45068e-03 9.32371e+04
2.52890e+03 9.99230e-01 1.70907e-06 1.80465e-06 6.37274e-07 -8.74644e-08 9.32371e+04
3.82190e+02 9.99980e-01 1.44604e+00 1.68299e+00 6.14293e-02 6.17570e-02 9.32371e+04
1.36500e+03 1.00000e+00 9.60657e-04 1.11708e-03 1.05863e-04 4.98211e-05 9.32371e+04
2.51930e+03 9.99960e-01 1.77620e-06 1.84958e-06 7.06625e-07 -7.18775e-08 9.32371e+04
5.48140e+02 8.29920e-03 1.07166e-01 1.27831e-01 6.11621e-03 -5.69697e-03 9.32371e+04
1.34860e+03 9.95030e-01 1.07860e-03 1.17568e-03 1.09004e-04 -1.60011e-05 9.32371e+04
6.73930e+02 9.99970e-01 9.35907e-02 1.08235e-01 4.66091e-03 -1.14198e-03 9.32371e+04
8.75260e+02 1.09580e-03 8.93228e-03 1.00932e-02 6.05394e-04 -4.97096e-05 9.32371e+04
2.07630e+03 1.00000e+00 1.88367e-05 2.03702e-05 4.71799e-06 -1.78355e-07 9.32371e+04
2.02080e+03 -4.13860e-02 1.11816e-05 1.22081e-05 2.57780e-06 -3.54547e-08 9.32371e+04
7.24360e+02 1.00000e+00 6.33153e-02 7.07450e-02 3.96878e-03 -2.81260e-04 9.32371e+04
6.87610e+02 -8.57590e-03 3.29276e-02 3.88414e-02 2.26896e-03 -1.33029e-03 9.32371e+04
1.27080e+03 9.99960e-01 1.72166e-03 1.97995e-03 1.66101e-04 -8.41387e-05 9.32371e+04
5.91930e+02 5.80360e-02 7.54192e-02 8.79133e-02 3.92721e-03 -2.59070e-03 9.32371e+04
1.19820e+03 -2.76230e-03 1.08326e-03 1.23900e-03 1.12918e-04 3.44275e-05 9.32371e+04
1.30360e+03 -2.26090e-03 5.85881e-04 6.53473e-04 5.65428e-05 1.74325e-06 9.32371e+04
1.08710e+03 9.99950e-01 5.10993e-03 5.95085e-03 3.97295e-04 7.02784e-05 9.32371e+04
2.70720e+03 -1.05830e-02 2.92209e-07 3.18504e-07 1.64625e-07 -9.45641e-09 9.32371e+04
1.01800e+03 5.91640e-02 3.34296e-03 3.85321e-03 2.83273e-04 1.86924e-04 9.32371e+04
5.75290e+02 5.66740e-03 8.82389e-02 9.98024e-02 4.55578e-03 -3.09616e-03 9.32371e+04
1.80780e+03 9.99980e-01 7.93562e-05 8.60919e-05 1.38506e-05 -1.84929e-07 9.32371e+04
1.35270e+03 9.99790e-01 1.01122e-03 1.19699e-03 1.12099e-04 7.01687e-05 9.32371e+04
1.93910e+03 1.00000e+00 3.88616e-05 4.40941e-05 7.68408e-06 -9.58434e-07 9.32371e+04
1.75360e+03 2.51530e-02 4.61243e-05 5.31141e-05 7.19859e-06 -9.55399e-08 9.32371e+04
1.59630e+03 -2.69460e-03 1.09662e-04 1.15934e-04 1.51044e-05 -4.76602e-06 9.32371e+04
2.95600e+03 -7.19530e-03 8.21619e-08 9.20882e-08 5.10621e-08 -5.95778e-09 9.32371e+04
5.08710e+02 -3.38130e-03 1.58275e-01 1.81936e-01 7.88643e-03 -2.34183e-03 9.32371e+04
1.68610e+03 9.99990e-01 1.59002e-04 1.75527e-04 2.23633e-05 -3.58039e-06 9.32371e+04
1.21730e+03 -1.14320e-02 9.77536e-04 1.09462e-03 8.93215e-05 -2.45416e-06 9.32371e+04
8.96180e+02 9.99950e-01 1.91989e-02 2.15630e-02 1.26263e-03 7.34903e-04 9.32371e+04
2.34590e+03 1.00000e+00 4.52366e-06 4.97076e-06 1.48348e-06 -9.90932e-08 9.32371e+04
2.20510e+03 1.17160e-02 4.03798e-06 4.42352e-06 1.18540e-06 -1.15077e-07 9.32371e+04
8.53330e+02 1.00000e+00 2.58794e-02 2.78262e-02 1.64224e-03 -5.56486e-04 9.32371e+04
1.14950e+03 -3.86020e-03 1.51144e-03 1.69898e-03 1.14427e-04 -1.32506e-05 9.32371e+04
1.94610e+03 9.99650e-01 3.83316e-05 4.37264e-05 7.66519e-06 -1.77283e-06 9.32371e+04
2.73850e+02 2.40730e-04 2.21012e+00 2.65635e+00 1.01962e-01 4.73656e-03 9.32371e+04
2.49310e+03 -2.13300e-01 8.56809e-07 9.45109e-07 3.71790e-07 -1.83377e-08 9.32371e+04
1.60390e+03 9.99980e-01 2.53606e-04 2.81322e-04 3.66474e-05 2.47608e-06 9.32371e+04
4.67800e+02 4.25460e-04 2.41144e-01 2.65959e-01 1.20868e-02 -5.05144e-03 9.32371e+04
1.38580e+03 9.80240e-01 8.34924e-04 9.52722e-04 8.63448e-05 -1.04599e-05 9.32371e+04
4.71630e+02 -3.35580e-03 2.14494e-01 2.62450e-01 1.06675e-02 -3.47985e-03 9.32371e+04
1.51460e+03 9.99870e-01 4.13055e-04 4.64060e-04 5.19168e-05 -1.59442e-05 9.32371e+04
2.18850e+03 9.99990e-01 9.93866e-06 1.14920e-05 2.75691e-06 -2.19185e-07 9.32371e+04
1.62200e+03 -7.48150e-03 9.68029e-05 1.07277e-04 1.40588e-05 5.29925e-07 9.32371e+04
2.98370e+03 -7.22860e-03 7.16196e-08 8.09618e-08 4.98027e-08 -6.04516e-09 9.32371e+04
2.05760e+03 4.54230e-01 8.23627e-06 9.26938e-06 2.16573e-06 -8.31558e-07 9.32371e+04
3.84570e+02 1.54350e-03 5.45435e-01 6.48164e-01 2.43216e-02 1.26501e-02 9.32371e+04
1.96130e+03 9.99700e-01 3.56372e-05 3.73757e-05 7.59937e-06 -4.55510e-07 9.32371e+04
5.14530e+02 9.99550e-01 3.78098e-01 4.30388e-01 1.41736e-02 -3.89122e-03 9.32371e+04
1.07820e+03 9.99950e-01 5.63741e-03 6.50216e-03 4.79012e-04 8.98504e-05 9.32371e+04
1.21800e+03 9.99990e-01 2.32037e-03 2.80210e-03 1.89368e-04 2.45307e-06 9.32371e+04
1.47390e+03 1.00000e+00 5.19984e-04 5.93819e-04 5.37297e-05 -8.20916e-06 9.32371e+04
2.29490e+03 -3.47550e-03 2.50948e-06 2.80156e-06 7.70240e-07 -2.07456e-07 9.32371e+04
3.30980e+02 9.99520e-01 2.66797e+00 3.14053e+00 1.05107e-01 -1.52578e-02 9.32371e+04
2.66760e+03 1.00000e+00 8.09123e-07 8.85697e-07 3.35968e-07 -6.92705e-08 9.32371e+04
4.99430e+02 -2.18430e-01 1.66746e-01 1.90516e-01 7.98164e-03 -1.99404e-03 9.32371e+04
1.31880e+02 -6.79160e-04 3.17935e+01 3.96595e+01 1.53924e+00 -8.92462e-01 9.32371e+04
2.18720e+03 9.99750e-01 1.02770e-05 1.17627e-05 2.79505e-06 -4.65227e-07 9.32371e+04
2.95150e+03 9.73980e-01 1.76041e-07 1.87642e-07 9.73906e-08 -1.11618e-08 9.32371e+04
9.82180e+02 1.00000e+00 1.09334e-02 1.20299e-02 7.62653e-04 3.33750e-04 9.32371e+04
1.76230e+03 -3.18090e-03 4.32967e-05 4.82569e-05 6.84457e-06 -6.55198e-07 9.32371e+04
2.91860e+03 -1.23820e-01 9.57396e-08 1.07231e-07 6.74001e-08 6.99337e-10 9.32371e+04
6.81010e+02 -1.86420e-03 3.58284e-02 3.94399e-02 2.20897e-03 1.18198e-04 9.32371e+04
4.40030e+02 -6.79010e-04 3.02914e-01 3.54272e-01 1.61782e-02 3.59423e-03 9.32371e+04
1.28650e+03 1.00000e+00 1.52244e-03 1.89507e-03 1.24092e-04 -4.26749e-05 9.32371e+04
6.32050e+02 2.77750e-01 4.91939e-02 5.72576e-02 2.79507e-03 1.41717e-03 9.32371e+04
1.49690e+03 1.74860e-03 1.90196e-04 2.09426e-04 2.27111e-05 8.94905e-06 9.32371e+04
8.70030e+02 6.54990e-02 8.78931e-03 1.05168e-02 6.43808e-04 4.75106e-04 9.32371e+04
1.35110e+03 9.99890e-01 1.00007e-03 1.23922e-03 9.11622e-05 -3.13224e-05 9.32371e+04
5.30200e+02 -2.11190e-02 1.25304e-01 1.47168e-01 5.96573e-03 2.43770e-03 9.32371e+04
4.18260e+02 -9.11370e-03 3.73780e-01 4.47116e-01 1.60886e-02 1.50277e-03 9.32371e+04
1.32530e+02 9.99990e-01 8.44435e+01 1.06289e+02 4.64129e+00 -4.46996e+00 9.32371e+04
5.31410e+02 9.99500e-01 3.15846e-01 3.68108e-01 1.53291e-02 -1.63185e-03 9.32371e+04
8.12810e+02 -5.96130e-03 1.33524e-02 1.56408e-02 8.27075e-04 2.21226e-04 9.32371e+04
1.23100e+03 1.00000e+00 2.32264e-03 2.50258e-03 2.02022e-04 -7.69160e-05 9.32371e+04
2.12310e+03 6.24150e-03 6.31925e-06 6.98484e-06 1.57635e-06 1.47853e-07 9.32371e+04
1.71140e+03 9.99920e-01 1.33259e-04 1.51747e-04 1.98226e-05 3.00169e-07 9.32371e+04
1.82270e+03 6.04350e-01 3.16825e-05 3.65605e-05 6.64274e-06 5.88987e-07 9.32371e+04
4.24970e+02 1.00000e+00 8.89312e-01 1.07284e+00 3.57495e-02 4.14153e-03 9.32371e+04
2.18110e+03 1.00000e+00 1.04176e-05 1.15615e-05 3.10841e-06 -2.30362e-07 9.32371e+04
1.67050e+03 4.50680e-03 7.20517e-05 7.76610e-05 1.08712e-05 -3.21235e-06 9.32371e+04
7.16140e+02 1.00000e+00 6.95114e-02 8.02860e-02 4.16381e-03 6.60859e-05 9.32371e+04
5.42340e+02 -5.67780e-03 1.12123e-01 1.32837e-01 5.16764e-03 -6.44335e-04 9.32371e+04
1.56280e+03 2.72970e-01 1.32024e-04 1.38387e-04 1.89692e-05 -3.91233e-06 9.32371e+04
7.50980e+02 1.19950e-02 2.20792e-02 2.57359e-02 1.49243e-03 -2.36503e-04 9.32371e+04
1.60390e+03 -2.88400e-03 1.07576e-04 1.16796e-04 1.45116e-05 4.04597e-07 9.32371e+04
6.88940e+02 2.38650e-01 3.11895e-02 3.71920e-02 2.08542e-03 5.26760e-05 9.32371e+04
1.18210e+03 9.99990e-01 2.97370e-03 3.36300e-03 2.51834e-04 -6.04245e-06 9.32371e+04
1.66620e+03 9.99920e-01 1.81015e-04 1.95536e-04 2.30643e-05 2.27786e-06 9.32371e+04
1.93850e+03 1.00000e+00 3.98926e-05 4.48071e-05 8.04009e-06 -1.11543e-07 9.32371e+04
1.09530e+03 3.58780e-04 2.04329e-03 2.37435e-03 1.80031e-04 -4.52420e-05 9.32371e+04
1.65650e+03 9.99980e-01 1.88319e-04 2.10058e-04 2.56443e-05 -1.46817e-05 9.32371e+04
4.68680e+02 1.11890e-05 2.19734e-01 2.67102e-01 1.21296e-02 -8.70217e-03 9.32371e+04
2.42930e+03 9.99960e-01 2.90145e-06 3.28988e-06 9.82730e-07 1.17866e-08 9.32371e+04
2.64460e+03 -6.93110e-03 4.15199e-07 4.45977e-07 1.99986e-07 -3.61457e-08 9.32371e+04
1.06400e+03 2.44880e-02 2.55533e-03 2.89804e-03 2.17976e-04 -5.71196e-05 9.32371e+04
7.43000e+02 2.92710e-02 2.14117e-02 2.44318e-02 1.44046e-03 5.04342e-04 9.32371e+04
1.43890e+03 5.71520e-03 2.56514e-04 3.03165e-04 3.05923e-05 5.32885e-06 9.32371e+04
6.15830e+02 9.99950e-01 1.55258e-01 1.76051e-01 7.47118e-03 3.59329e-03 9.32371e+04
1.13260e+03 9.99980e-01 4.15059e-03 4.55914e-03 2.73345e-04 5.99778e-05 9.32371e+04
9.30030e+02 1.73240e-03 5.87011e-03 7.08516e-03 5.15108e-04 1.05828e-06 9.32371e+04
1.77580e+03 -3.09380e-03 3.98503e-05 4.67988e-05 6.82109e-06 1.18638e-06 9.32371e+04
2.18560e+03 9.99990e-01 1.04131e-05 1.15384e-05 2.83858e-06 -4.10856e-07 9.32371e+04
9.99310e+02 9.99980e-01 9.55994e-03 1.07327e-02 7.21964e-04 -2.60126e-04 9.32371e+04
1.00670e+03 9.99980e-01 8.92400e-03 9.88632e-03 6.99486e-04 1.96293e-04 9.32371e+04
1.50930e+03 1.00000e+00 4.27182e-04 4.86980e-04 4.76757e-05 9.34921e-06 9.32371e+04
1.65340e+03 1.00000e+00 1.89718e-04 2.07957e-04 2.61391e-05 -2.58366e-06 9.32371e+04
1.33010e+03 9.99960e-01 1.20676e-03 1.32844e-03 1.34168e-04 -4.30735e-05 9.32371e+04
2.79060e+03 -2.21920e-03 1.95249e-07 2.08620e-07 1.10983e-07 -5.90902e-09 9.32371e+04
8.29250e+02 2.17920e-02 1.17798e-02 1.38352e-02 7.77001e-04 5.70267e-04 9.32371e+04
3.23470e+03 3.45870e-03 2.16176e-08 2.33144e-08 1.35555e-08 -2.13629e-09 9.32371e+04
6.26170e+02 6.41300e-03 5.59788e-02 6.51168e-02 2.98170e-03 -3.18056e-04 9.32371e+04
3.83370e+02 1.17030e-02 5.58533e-01 6.51689e-01 2.96771e-02 -6.05238e-03 9.32371e+04
1.77490e+03 9.96800e-01 9.80422e-05 1.06048e-04 1.55863e-05 -1.81296e-06 9.32371e+04
8.44180e+02 1.65690e-02 1.11799e-02 1.24553e-02 8.30637e-04 -3.27287e-04 9.32371e+04
1.21870e+03 9.99790e-01 2.37071e-03 2.70132e-03 2.25277e-04 9.35889e-05 9.32371e+04
1.90480e+03 1.00000e+00 4.59586e-05 5.21244e-05 8.51312e-06 3.97792e-07 9.32371e+04
1.83970e+03 9.99950e-01 6.53063e-05 7.67673e-05 1.21976e-05 -5.94826e-07 9.32371e+04
1.53300e+03 -1.21680e-02 1.54357e-04 1.74135e-04 2.02910e-05 -3.69428e-06 9.32371e+04
1.60040e+03 9.99380e-01 2.61784e-04 2.76707e-04 3.15118e-05 -5.24140e-06 9.32371e+04
5.43370e+02 1.00000e+00 2.90412e-01 3.36792e-01 1.42150e-02 -5.57059e-03 9.32371e+04
2.50220e+03 9.99970e-01 1.92645e-06 2.08346e-06 7.16640e-07 7.33377e-09 9.32371e+04
9.99190e+02 9.07860e-05 3.98156e-03 4.24694e-03 3.12724e-04 3.58017e-05 9.32371e+04
3.36760e+03 9.69930e-01 2.34439e-08 2.63535e-08 1.30455e-08 -2.69031e-09 9.32371e+04
2.56520e+03 9.92620e-01 1.34019e-06 1.45875e-06 5.19929e-07 -5.71578e-08 9.32371e+04
1.05490e+03 -1.60870e-01 2.50737e-03 2.98030e-03 2.08038e-04 2.04805e-05 9.32371e+04
1.13050e+03 1.19960e-02 1.64873e-03 1.85770e-03 1.37339e-04 -6.46943e-05 9.32371e+04
9.12460e+02 9.99310e-01 1.68773e-02 1.90648e-02 1.18851e-03 -5.86994e-04 9.32371e+04
2.46110e+03 9.99450e-01 2.34622e-06 2.55613e-06 8.99046e-07 -2.13031e-07 9.32371e+04
2.10080e+02 1.00000e+00 1.56227e+01 1.91210e+01 6.69887e-01 -8.62321e-02 9.32371e+04
1.25400e+03 9.99980e-01 1.94079e-03 2.30214e-03 1.76766e-04 -1.08099e-04 9.32371e+04
8.47140e+02 1.00000e+00 2.69622e-02 3.00660e-02 1.77971e-03 -1.50051e-04 9.32371e+04
1.84970e+03 7.78870e-02 2.71446e-05 3.05115e-05 4.94797e-06 -1.24690e-06 9.32371e+04
2.43930e+03 9.99990e-01 2.73349e-06 3.00385e-06 9.58552e-07 -1.22414e-07 9.32371e+04
1.71690e+03 9.31800e-01 1.11547e-04 1.18027e-04 1.77287e-05 -2.17907e-06 9.32371e+04
1.93030e+03 9.79470e-01 3.86236e-05 4.50825e-05 7.67458e-06 4.97309e-07 9.32371e+04
1.78540e+03 3.28900e-02 3.82398e-05 4.38080e-05 6.73629e-06 -6.50037e-08 9.32371e+04
1.98950e+02 -6.28840e-04 7.17299e+00 8.77049e+00 3.44812e-01 -2.23982e-02 9.32371e+04
9.05410e+02 9.99980e-01 1.76070e-02 2.05329e-02 1.29255e-03 4.50021e-04 9.32371e+04
6.38470e+02 -1.05340e-02 5.00554e-02 5.86689e-02 2.86811e-03 -1.60403e-03 9.32371e+04
1.73500e+03 9.99930e-01 1.21314e-04 1.35093e-04 1.77473e-05 -3.12353e-06 9.32371e+04
1.81690e+03 1.00000e+00 7.73062e-05 8.34234e-05 1.34669e-05 -4.30490e-07 9.32371e+04
5.88790e+02 1.00000e+00 1.88655e-01 2.19305e-01 9.23295e-03 -2.27924e-03 9.32371e+04
2.16590e+03 7.45460e-03 5.01173e-06 5.50551e-06 1.39650e-06 -3.32294e-08 9.32371e+04
8.31810e+02 -3.47250e-02 1.19575e-02 1.33004e-02 8.86555e-04 -2.28647e-04 9.32371e+04
2.13770e+02 2.28410e-03 5.42482e+00 6.94839e+00 1.94075e-01 -6.08032e-03 9.32371e+04
1.13800e+03 9.99800e-01 3.83737e-03 4.36805e-03 2.76138e-04 7.08527e-05 9.32371e+04
1.96650e+03 -2.67980e-03 1.40699e-05 1.66555e-05 3.15933e-06 7.19696e-08 9.32371e+04
9.08610e+02 2.11820e-01 6.60029e-03 8.13707e-03 5.77354e-04 -2.31913e-06 9.32371e+04
1.65290e+03 2.87530e-02 7.79425e-05 9.01928e-05 1.25448e-05 -4.65319e-06 9.32371e+04
6.74220e+02 8.97370e-01 6.87742e-02 8.12401e-02 3.56023e-03 -2.74101e-03 9.32371e+04
2.54170e+03 9.97930e-01 1.55234e-06 1.69214e-06 6.19109e-07 -3.31382e-08 9.32371e+04
2.25260e+03 1.00000e+00 7.13093e-06 7.91182e-06 2.30744e-06 -2.85535e-07 9.32371e+04
2.25100e+03 -2.64740e-03 3.22357e-06 3.56700e-06 1.01252e-06 -8.06173e-08 9.32371e+04
8.84350e+02 2.81680e-03 7.72528e-03 9.34898e-03 7.36013e-04 4.41335e-04 9.32371e+04
4.72540e+02 1.30060e-02 2.16590e-01 2.61674e-01 1.02842e-02 4.68781e-03 9.32371e+04
1.68880e+02 9.99440e-01 3.50282e+01 4.17465e+01 1.99109e+00 7.93880e-01 9.32371e+04
1.58680e+03 -3.66050e-03 1.18158e-04 1.32739e-04 1.62054e-05 -3.68361e-07 9.32371e+04
8.42600e+02 -6.82800e-03 1.02248e-02 1.29894e-02 7.20943e-04 5.30908e-04 9.32371e+04
9.59080e+02 -2.34920e-02 4.94479e-03 5.51192e-03 3.28942e-04 1.03087e-04 9.32371e+04
7.20490e+02 4.32250e-02 2.60071e-02 3.03240e-02 1.67809e-03 -2.08983e-04 9.32371e+04
3.32690e+03 2.91300e-02 1.34469e-08 1.55865e-08 8.47657e-09 -1.43565e-09 9.32371e+04
1.90450e+03 -3.11730e-03 2.10010e-05 2.22831e-05 4.14385e-06 -1.23563e-07 9.32371e+04
1.04800e+03 2.66440e-03 2.89348e-03 3.13066e-03 2.33017e-04 -6.90095e-05 9.32371e+04
7.98050e+02 9.99990e-01 3.71254e-02 4.46505e-02 2.12697e-03 1.15953e-03 9.32371e+04
9.21000e+02 -4.02800e-02 6.05881e-03 7.13953e-03 5.03265e-04 2.20566e-04 9.32371e+04
7.42070e+02 -2.52820e-01 2.09033e-02 2.63916e-02 1.38294e-03 1.69287e-03 9.32371e+04
4.98000e+02 9.63440e-01 3.88693e-01 4.64156e-01 1.96677e-02 -1.59421e-04 9.32371e+04
2.20610e+03 9.99880e-01 9.43760e-06 1.03549e-05 2.70615e-06 -4.59310e-07 9.32371e+04
9.69850e+02 -9.12170e-03 4.66656e-03 5.38022e-03 3.68479e-04 -6.31112e-05 9.32371e+04
1.94470e+03 9.93180e-01 3.75594e-05 4.30467e-05 7.62499e-06 -6.61497e-07 9.32371e+04
1.62110e+03 9.99940e-01 2.18515e-04 2.51616e-04 2.82381e-05 -6.31252e-06 9.32371e+04
1.42480e+03 9.99860e-01 6.79108e-04 7.64458e-04 7.49866e-05 -6.70967e-06 9.32371e+04
1.55780e+03 1.41880e-03 1.37554e-04 1.49280e-04 1.61063e-05 -2.15436e-06 9.32371e+04
1.15300e+03 -1.49580e-01 1.42306e-03 1.59853e-03 1.17333e-04 8.24297e-06 9.32371e+04
1.07270e+03 9.99990e-01 5.73521e-03 6.72793e-03 4.39333e-04 -2.52107e-04 9.32371e+04
1.25250e+03 9.99970e-01 1.96019e-03 2.15289e-03 1.65553e-04 3.34701e-05 9.32371e+04
1.20960e+03 1.00000e+00 2.40608e-03 2.86153e-03 2.21118e-04 -7.10820e-05 9.32371e+04
8.72820e+02 -8.27200e-03 8.33842e-03 1.03388e-02 7.94583e-04 1.53877e-04 9.32371e+04
1.83570e+03 -4.91470e-03 3.01399e-05 3.31135e-05 5.74285e-06 -1.82605e-07 9.32371e+04
4.83410e+02 9.99580e-01 4.99335e-01 5.97102e-01 2.25293e-02 -2.77724e-03 9.32371e+04
1.23180e+03 9.99990e-01 2.14125e-03 2.46855e-03 1.68084e-04 -1.67760e-04 9.32371e+04
1.54690e+03 9.45800e-03 1.43614e-04 1.62300e-04 1.82616e-05 -1.20779e-06 9.32371e+04
7.14790e+02 1.00000e+00 6.79666e-02 7.82175e-02 3.13588e-03 6.00192e-05 9.32371e+04
1.23480e+03 1.00000e+00 2.20655e-03 2.40612e-03 1.79568e-04 -1.22565e-04 9.32371e+04
6.35020e+02 -1.24650e-01 5.20133e-02 5.90545e-02 2.89922e-03 -2.13521e-03 9.32371e+04
2.98950e+03 -2.26600e-01 7.01375e-08 7.42581e-08 5.58727e-08 -3.01575e-09 9.32371e+04
1.32210e+03 -1.72040e-03 5.20410e-04 5.81580e-04 5.56157e-05 2.42246e-05 9.32371e+04
2.12090e+03 -7.62450e-03 6.35101e-06 6.91652e-06 1.74218e-06 -8.54358e-08 9.32371e+04
1.20770e+03 7.88190e-01 1.44099e-03 1.68955e-03 1.35796e-04 -1.25249e-05 9.32371e+04
7.04640e+02 9.99350e-01 7.57765e-02 8.77642e-02 4.10777e-03 -6.20852e-04 9.32371e+04
1.67800e+03 -5.91330e-04 7.05892e-05 7.91137e-05 1.12128e-05 7.79222e-07 9.32371e+04
1.67170e+03 1.47480e-03 7.27027e-05 8.32144e-05 1.01424e-05 3.83656e-06 9.32371e+04
2.29460e+03 -4.06850e-03 2.53476e-06 2.80763e-06 8.20932e-07 -1.02611e-07 9.32371e+04
8.20230e+02 1.24840e-05 1.24611e-02 1.42672e-02 8.55790e-04 4.39876e-04 9.32371e+04
1.11770e+03 -1.68180e-01 1.72541e-03 2.00055e-03 1.64028e-04 1.31544e-05 9.32371e+04
3.08850e+02 9.16460e-03 1.35451e+00 1.64037e+00 6.07499e-02 3.02294e-02 9.32371e+04
9.65100e+02 1.00000e+00 1.17571e-02 1.30045e-02 8.87446e-04 2.67487e-04 9.32371e+04
4.25030e+02 9.99810e-01 8.97346e-01 1.08412e+00 4.29630e-02 -1.49187e-02 9.32371e+04
1.21930e+03 9.94010e-01 2.35293e-03 2.60832e-03 2.02950e-04 -1.53108e-04 9.32371e+04
2.87340e+03 6.57510e-03 1.25282e-07 1.40753e-07 8.34491e-08 -3.81145e-09 9.32371e+04
1.76980e+03 9.99330e-01 9.89187e-05 1.11475e-04 1.58125e-05 3.87766e-06 9.32371e+04
2.55820e+03 -3.41450e-02 6.18677e-07 6.90812e-07 2.78678e-07 -2.56388e-08 9.32371e+04
4.16930e+02 9.96720e-01 9.81211e-01 1.15939e+00 5.05634e-02 1.00142e-02 9.32371e+04
2.21540e+03 6.80510e-02 3.68949e-06 4.30713e-06 1.08751e-06 -1.47891e-08 9.32371e+04
2.04180e+03 1.00000e+00 2.24613e-05 2.44040e-05 5.18066e-06 -5.42373e-07 9.32371e+04
6.80350e+02 9.99910e-01 9.47967e-02 1.08036e-01 4.29625e-03 2.96851e-04 9.32371e+04
2.28350e+03 1.66190e-02 2.71357e-06 2.87193e-06 8.89324e-07 3.27204e-08 9.32371e+04
1.11800e+03 7.01390e-02 1.85850e-03 1.97142e-03 1.61298e-04 1.37219e-05 9.32371e+04
1.25560e+03 -3.77800e-02 7.83007e-04 8.62495e-04 8.29756e-05 -3.29023e-05 9.32371e+04
1.10220e+03 3.67340e-03 2.04325e-03 2.31114e-03 1.67046e-04 -4.90949e-05 9.32371e+04
5.19270e+02 9.99990e-01 3.56136e-01 4.16306e-01 1.59878e-02 4.93950e-03 9.32371e+04
1.88490e+02 9.99650e-01 2.39593e+01 3.01639e+01 1.10492e+00 -1.58478e+00 9.32371e+04
1.89480e+03 1.00000e+00 4.98033e-05 5.44644e-05 9.34677e-06 -1.60541e-06 9.32371e+04
1.19160e+03 9.99830e-01 2.81992e-03 3.20451e-03 2.48597e-04 2.67887e-05 9.32371e+04
3.73850e+02 -2.87040e-03 6.14417e-01 7.19530e-01 2.69930e-02 -2.04018e-02 9.32371e+04
9.70250e+02 1.42270e-04 4.40159e-03 5.23876e-03 3.96554e-04 1.57379e-04 9.32371e+04
2.96710e+03 9.99520e-01 1.72945e-07 1.90392e-07 8.94212e-08 -1.70071e-08 9.32371e+04
6.06560e+02 1.00000e+00 1.68077e-01 1.93126e-01 7.87317e-03 4.49502e-03 9.32371e+04
1.05110e+03 1.00000e+00 6.69965e-03 7.53691e-03 5.00987e-04 -2.16557e-04 9.32371e+04
8.82360e+02 9.99990e-01 2.11569e-02 2.29045e-02 1.33283e-03 -3.77366e-05 9.32371e+04
8.08200e+02 9.56960e-01 2.95345e-02 3.49651e-02 1.86679e-03 -7.04622e-06 9.32371e+04
8.63850e+02 9.99990e-01 2.44689e-02 2.55914e-02 1.37054e-03 8.14754e-04 9.32371e+04
7.04270e+02 1.03270e-02 3.05288e-02 3.54684e-02 1.93900e-03 1.03928e-03 9.32371e+04
2.47840e+03 1.98540e-02 9.57737e-07 1.09495e-06 3.99934e-07 2.25469e-08 9.32371e+04
1.53420e+03 -1.57830e-02 1.51681e-04 1.69052e-04 1.83784e-05 4.65351e-06 9.32371e+04
3.17810e+03 9.99060e-01 6.14907e-08 6.87724e-08 3.20140e-08 -3.43545e-09 9.32371e+04
1.38150e+03 9.99990e-01 8.85274e-04 1.03303e-03 8.96623e-05 3.07205e-06 9.32371e+04
1.02600e+03 2.19440e-03 3.34578e-03 3.76827e-03 2.60637e-04 4.57618e-05 9.32371e+04
4.21650e+02 1.00000e+00 9.41453e-01 1.09473e+00 4.10344e-02 -3.02642e-02 9.32371e+04
1.55640e+03 -2.92710e-03 1.30695e-04 1.55364e-04 1.92092e-05 -4.36683e-06 9.32371e+04
2.02520e+03 1.95720e-02 1.06313e-05 1.20844e-05 2.57631e-06 2.49081e-07 9.32371e+04
2.27660e+03 9.99870e-01 6.39172e-06 7.21728e-06 2.06315e-06 -3.24104e-08 9.32371e+04
2.65260e+03 -9.02250e-04 3.98652e-07 4.39135e-07 1.80523e-07 -2.79906e-08 9.32371e+04
1.27270e+03 6.01480e-03 7.06470e-04 7.72835e-04 7.11853e-05 1.29859e-05 9.32371e+04
6.62160e+02 9.99870e-01 1.06470e-01 1.23929e-01 5.46552e-03 1.75473e-04 9.32371e+04
5.56220e+02 9.99660e-01 2.59052e-01 2.95368e-01 1.25379e-02 1.35883e-03 9.32371e+04
1.32290e+03 1.00000e+00 1.20751e-03 1.44385e-03 1.00104e-04 7.20607e-06 9.32371e+04
1.71850e+03 -1.17460e-03 5.53427e-05 6.17007e-05 9.25793e-06 -4.07150e-07 9.32371e+04
5.92390e+02 1.00000e+00 1.85847e-01 2.18410e-01 1.01881e-02 2.83720e-04 9.32371e+04
1.02080e+03 1.00000e+00 7.78936e-03 9.44208e-03 6.80346e-04 7.67857e-05 9.32371e+04
1.30880e+03 1.00000e+00 1.38872e-03 1.59409e-03 1.14106e-04 -4.37289e-06 9.32371e+04
5.95480e+02 1.09160e-03 7.28134e-02 8.19056e-02 4.25829e-03 -5.85918e-04 9.32371e+04
1.01420e+03 9.99910e-01 8.33774e-03 9.54742e-03 6.82093e-04 1.22546e-04 9.32371e+04
1.01850e+03 1.00000e+00 7.66817e-03 9.22823e-03 5.89571e-04 -1.72111e-05 9.32371e+04
3.27020e+02 9.95930e-01 2.77947e+00 3.27241e+00 1.23305e-01 -4.09963e-02 9.32371e+04
3.34680e+02 9.99940e-01 2.53321e+00 3.04855e+00 1.13951e-01 -6.72513e-02 9.32371e+04
3.12550e+02 1.00000e+00 3.37836e+00 4.01093e+00 1.33832e-01 1.54224e-01 9.32371e+04
1.23600e+03 4.34790e-02 8.66841e-04 9.95738e-04 8.87045e-05 5.13261e-06 9.32371e+04
2.01310e+03 1.00000e+00 2.62421e-05 2.91286e-05 5.76516e-06 7.44938e-08 9.32371e+04
9.09250e+02 6.27890e-03 6.59810e-03 8.02368e-03 5.39055e-04 -3.19421e-04 9.32371e+04
1.36890e+03 1.20690e-02 3.95166e-04 4.34067e-04 4.56568e-05 -9.76920e-06 9.32371e+04
1.92120e+03 9.99990e-01 4.35791e-05 4.79660e-05 8.74046e-06 -2.95478e-07 9.32371e+04
1.38160e+03 9.99950e-01 8.88901e-04 9.55995e-04 8.78470e-05 2.04683e-05 9.32371e+04
2.23390e+03 1.00000e+00 8.03622e-06 8.52155e-06 2.39450e-06 -2.93470e-07 9.32371e+04
2.39770e+03 5.88140e-03 1.49966e-06 1.64844e-06 5.41596e-07 -4.51889e-08 9.32371e+04
2.07340e+03 1.00000e+00 1.83739e-05 2.12394e-05 5.00511e-06 1.91567e-07 9.32371e+04
1.90160e+03 -1.43490e-02 2.11747e-05 2.35757e-05 4.17901e-06 -1.14514e-06 9.32371e+04
1.04240e+03 -4.05780e-03 2.77480e-03 3.33624e-03 2.22158e-04 -2.83973e-04 9.32371e+04
8.37860e+02 9.99990e-01 2.90488e-02 3.21648e-02 1.83454e-03 -1.84319e-04 9.32371e+04
4.09560e+02 9.26630e-01 8.45776e-01 9.93310e-01 4.08617e-02 -1.59088e-02 9.32371e+04
4.14410e+02 2.55660e-03 3.83844e-01 4.74234e-01 1.87408e-02 7.18617e-05 9.32371e+04
9.12980e+02 -1.46420e-02 6.76210e-03 7.83762e-03 4.75348e-04 -9.04736e-05 9.32371e+04
2.46220e+03 -3.64350e-02 1.06336e-06 1.13495e-06 4.19409e-07 -4.90776e-08 9.32371e+04
2.97620e+02 9.99950e-01 4.04525e+00 4.76300e+00 1.62235e-01 -1.11708e-01 9.32371e+04
1.72980e+03 1.00000e+00 1.26854e-04 1.37288e-04 1.75486e-05 -1.93131e-06 9.32371e+04
9.59690e+02 9.99980e-01 1.22725e-02 1.40330e-02 9.59510e-04 -2.98263e-04 9.32371e+04
1.36240e+03 9.99990e-01 9.80453e-04 1.15527e-03 8.98866e-05 -2.17530e-06 9.32371e+04
1.66150e+03 -4.94680e-03 7.58037e-05 8.25288e-05 1.15122e-05 -7.22824e-07 9.32371e+04
4.52620e+02 1.88510e-01 2.57897e-01 3.03433e-01 1.28911e-02 -6.19739e-03 9.32371e+04
2.19730e+03 -8.40890e-03 4.27316e-06 4.72094e-06 1.21139e-06 -1.06400e-07 9.32371e+04
6.70230e+02 9.99990e-01 9.98449e-02 1.15407e-01 5.34851e-03 -9.53292e-04 9.32371e+04
1.89910e+03 -4.83950e-04 2.13196e-05 2.41686e-05 4.44602e-06 -3.07731e-07 9.32371e+04
4.25010e+02 9.99990e-01 8.97487e-01 1.08214e+00 3.67220e-02 -3.86723e-02 9.32371e+04
1.59760e+03 9.99490e-01 2.66665e-04 2.92558e-04 3.36361e-05 1.66019e-05 9.32371e+04
1.75800e+03 1.00000e+00 1.07597e-04 1.19840e-04 1.79584e-05 -1.05700e-06 9.32371e+04
4.34510e+02 3.65240e-04 3.18666e-01 3.80533e-01 1.84429e-02 -8.78324e-03 9.32371e+04
8.53260e+02 9.99960e-01 2.42107e-02 2.88360e-02 1.49091e-03 7.84087e-04 9.32371e+04
1.39940e+03 9.99770e-01 8.02858e-04 9.05144e-04 8.45879e-05 1.02362e-06 9.32371e+04
1.04190e+03 9.99980e-01 7.07276e-03 8.14768e-03 5.16985e-04 -4.14257e-04 9.32371e+04
3.26350e+03 -1.13910e-01 1.89667e-08 1.97655e-08 1.28439e-08 -2.00127e-09 9.32371e+04
1.97150e+03 1.00000e+00 3.31080e-05 3.69830e-05 7.21202e-06 -7.28212e-07 9.32371e+04
1.15510e+03 4.06330e-04 1.45121e-03 1.62481e-03 1.42705e-04 3.98241e-05 9.32371e+04
2.46170e+03 9.98050e-01 2.43319e-06 2.62403e-06 8.65314e-07 -1.56614e-07 9.32371e+04
2.10050e+03 9.99330e-01 1.61716e-05 1.86142e-05 4.16118e-06 -9.07905e-08 9.32371e+04
9.52360e+02 9.91550e-01 1.20704e-02 1.38993e-02 8.47147e-04 1.77438e-04 9.32371e+04
1.26360e+03 1.68680e-03 7.28249e-04 8.43476e-04 7.64383e-05 -1.28810e-05 9.32371e+04
2.78860e+03 1.00000e+00 4.33669e-07 4.61483e-07 2.23294e-07 -3.91428e-08 9.32371e+04
3.22870e+03 -1.15180e-01 2.16432e-08 2.41755e-08 1.41155e-08 -2.23407e-09 9.32371e+04
5.74390e+02 -4.77220e-01 8.15229e-02 9.71185e-02 3.86675e-03 -1.44826e-03 9.32371e+04
1.49590e+03 -1.59700e-02 1.81975e-04 2.15247e-04 2.04771e-05 -1.05131e-05 9.32371e+04
5.87500e+02 9.99830e-01 1.97078e-01 2.35226e-01 9.77640e-03 -3.04316e-03 9.32371e+04
1.87310e+03 1.00000e+00 5.55824e-05 6.26787e-05 1.03757e-05 3.13149e-07 9.32371e+04
1.82860e+03 9.99960e-01 7.55015e-05 8.15895e-05 1.21887e-05 1.90501e-06 9.32371e+04
1.13810e+03 1.00000e+00 4.03884e-03 4.37469e-03 3.03236e-04 -9.38805e-05 9.32371e+04
7.52580e+02 2.61240e-01 1.97953e-02 2.28870e-02 1.52349e-03 4.89250e-04 9.32371e+04
1.11830e+03 1.76920e-01 1.75357e-03 2.06632e-03 1.49824e-04 -2.52680e-05 9.32371e+04
1.18690e+03 2.03440e-02 1.16204e-03 1.33304e-03 9.47742e-05 1.53250e-05 9.32371e+04
2.12140e+03 9.99850e-01 1.46867e-05 1.71078e-05 3.65853e-06 2.35677e-07 9.32371e+04
2.25130e+03 -1.28030e-02 3.19152e-06 3.65237e-06 9.93239e-07 -2.57538e-07 9.32371e+04
2.04900e+03 9.43830e-03 9.44950e-06 1.02365e-05 2.20876e-06 -1.73473e-07 9.32371e+04
1.25430e+03 -2.81530e-02 8.16170e-04 9.10916e-04 8.14687e-05 -3.51246e-05 9.32371e+04
2.43800e+03 -1.66930e-03 1.21526e-06 1.27258e-06 4.52948e-07 -2.96290e-08 9.32371e+04
1.42500e+03 -1.56690e-03 2.90204e-04 3.24927e-04 3.16682e-05 -1.31782e-05 9.32371e+04
2.68980e+02 1.00000e+00 6.08909e+00 7.49340e+00 2.65854e-01 1.00852e-02 9.32371e+04
6.05020e+02 9.90320e-01 1.61064e-01 1.88916e-01 8.35779e-03 4.32845e-03 9.32371e+04
3.02950e+03 9.99970e-01 1.27911e-07 1.40887e-07 6.80206e-08 -1.47970e-08 9.32371e+04
5.70760e+02 1.00000e+00 2.27044e-01 2.65293e-01 1.05954e-02 -8.20283e-03 9.32371e+04
1.20240e+03 9.99790e-01 2.62463e-03 2.87615e-03 2.52150e-04 1.07560e-04 9.32371e+04
3.16900e+03 9.99920e-01 6.57840e-08 7.18412e-08 3.37910e-08 -5.46809e-09 9.32371e+04
1.12840e+03 4.06930e-03 1.65188e-03 1.75959e-03 1.46771e-04 -3.31476e-05 9.32371e+04
6.01300e+02 9.99720e-01 1.73134e-01 2.01495e-01 8.78881e-03 2.15918e-04 9.32371e+04
1.54920e+03 6.80320e-04 1.40682e-04 1.67131e-04 2.06945e-05 -4.05039e-06 9.32371e+04
1.31900e+03 9.99960e-01 1.22936e-03 1.50895e-03 1.19947e-04 -2.15946e-05 9.32371e+04
8.96560e+02 1.00000e+00 1.85849e-02 2.10903e-02 1.58580e-03 1.03960e-03 9.32371e+04
6.41330e+02 1.00000e+00 1.22958e-01 1.45570e-01 6.81009e-03 -3.47104e-03 9.32371e+04
9.58820e+02 -2.37790e-01 4.84602e-03 5.50931e-03 3.76466e-04 4.23596e-04 9.32371e+04
1.18260e+03 -7.35190e-03 1.20982e-03 1.33024e-03 1.20946e-04 -5.31533e-06 9.32371e+04
9.75520e+02 9.99820e-01 1.11799e-02 1.24168e-02 8.89867e-04 -6.74142e-04 9.32371e+04
1.75620e+03 1.00000e+00 1.09277e-04 1.22932e-04 1.67579e-05 -2.04433e-06 9.32371e+04
3.75500e+02 9.99500e-01 1.56598e+00 1.82044e+00 6.64018e-02 -8.40959e-04 9.32371e+04
1.73550e+03 -3.46550e-02 5.05117e-05 5.74386e-05 8.30450e-06 2.11982e-07 9.32371e+04
4.96100e+02 9.98120e-01 4.30824e-01 5.17331e-01 1.78946e-02 -4.13568e-04 9.32371e+04
7.73330e+02 5.42280e-03 1.75742e-02 1.99597e-02 1.37258e-03 -2.20523e-04 9.32371e+04
1.94500e+03 4.48100e-03 1.68372e-05 1.86180e-05 3.47785e-06 -4.34652e-07 9.32371e+04
5.40240e+02 -2.88510e-01 1.06446e-01 1.29278e-01 5.57866e-03 -1.42593e-03 9.32371e+04
1.81910e+03 9.99870e-01 7.53411e-05 8.07723e-05 1.25970e-05 -3.17064e-07 9.32371e+04
7.98930e+02 1.33120e-03 1.52227e-02 1.70851e-02 1.02535e-03 -6.84021e-04 9.32371e+04
9.41950e+02 9.99940e-01 1.35702e-02 1.59754e-02 9.73111e-04 2.16421e-04 9.32371e+04
1.49470e+03 -3.09750e-02 2.01203e-04 2.20107e-04 2.48868e-05 4.30153e-06 9.32371e+04
4.59040e+02 1.73130e-03 2.44394e-01 2.96467e-01 1.21744e-02 5.05208e-04 9.32371e+04
9.24580e+02 -7.01450e-03 6.45303e-03 7.48798e-03 4.97403e-04 -3.75495e-04 9.32371e+04
2.37070e+03 1.00000e+00 3.75606e-06 4.15252e-06 1.24030e-06 -1.67924e-07 9.32371e+04
2.94420e+03 1.00000e+00 1.98283e-07 2.18142e-07 1.02133e-07 -1.20677e-08 9.32371e+04
1.46130e+03 1.00000e+00 5.50988e-04 6.23315e-04 5.95504e-05 -6.34531e-06 9.32371e+04
2.56960e+03 9.99140e-01 1.37205e-06 1.46386e-06 5.07382e-07 -4.10572e-08 9.32371e+04
8.61850e+02 1.00000e+00 2.40807e-02 2.69913e-02 1.43472e-03 9.68698e-04 9.32371e+04
7.47810e+02 1.00000e+00 5.53828e-02 6.18233e-02 3.06534e-03 -6.53962e-04 9.32371e+04
8.60900e+02 6.25680e-03 9.52796e-03 1.10565e-02 7.09187e-04 1.01479e-04 9.32371e+04
1.40010e+03 3.64650e-03 3.17042e-04 3.80029e-04 3.59784e-05 1.33538e-05 9.32371e+04
1.25010e+03 9.99880e-01 1.88691e-03 2.22407e-03 1.60078e-04 6.68154e-05 9.32371e+04
2.72460e+03 9.99900e-01 6.04574e-07 6.56928e-07 2.73468e-07 -2.31349e-08 9.32371e+04
2.00080e+03 1.00000e+00 2.86285e-05 3.11838e-05 6.23449e-06 -1.43264e-06 9.32371e+04
3.23230e+03 1.11980e-01 2.08177e-08 2.40983e-08 1.31139e-08 -3.40763e-09 9.32371e+04
1.36430e+03 9.99990e-01 9.64369e-04 1.12860e-03 1.07925e-04 -2.70537e-05 9.32371e+04
2.60700e+03 -1.72030e-02 5.13288e-07 5.47177e-07 2.37132e-07 -3.01336e-08 9.32371e+04
1.68230e+03 9.99950e-01 1.58426e-04 1.87198e-04 2.21204e-05 -1.01816e-06 9.32371e+04
2.08960e+03 2.07870e-02 7.64169e-06 8.53886e-06 1.88699e-06 5.54240e-08 9.32371e+04
7.62000e+02 9.99600e-01 4.88865e-02 5.48435e-02 3.23483e-03 5.88990e-05 9.32371e+04
5.42180e+02 -1.36950e-03 1.16339e-01 1.33091e-01 5.99346e-03 -8.04935e-04 9.32371e+04
8.04010e+02 9.99810e-01 3.42557e-02 4.25144e-02 2.44916e-03 5.56590e-05 9.32371e+04
2.35920e+03 2.53730e-02 1.84414e-06 2.03107e-06 6.38796e-07 -3.24831e-09 9.32371e+04
2.06160e+02 9.99950e-01 1.68707e+01 2.06518e+01 8.55565e-01 2.31530e-01 9.32371e+04
3.39540e+02 9.37800e-04 9.23385e-01 1.08162e+00 3.87009e-02 5.27489e-02 9.32371e+04
1.32760e+03 9.99990e-01 1.23392e-03 1.41845e-03 1.11868e-04 -3.83837e-05 9.32371e+04
1.52820e+03 9.99390e-01 3.93505e-04 4.25757e-04 4.41490e-05 -5.92146e-06 9.32371e+04
9.32250e+02 9.84940e-01 1.39698e-02 1.54365e-02 1.08165e-03 -1.30869e-04 9.32371e+04
1.68630e+03 1.00000e+00 1.59166e-04 1.78135e-04 2.20409e-05 2.51376e-07 9.32371e+04
1.02670e+03 6.30630e-02 2.98759e-03 3.67055e-03 2.29741e-04 -2.28784e-04 9.32371e+04
1.71050e+03 1.46930e-02 5.93220e-05 6.75961e-05 9.93339e-06 -2.08410e-06 9.32371e+04
2.08500e+03 1.00000e+00 1.81104e-05 1.94809e-05 4.27696e-06 1.58691e-07 9.32371e+04
7.86360e+02 9.50720e-01 3.56885e-02 4.26674e-02 2.33638e-03 1.54263e-03 9.32371e+04
7.89890e+02 9.99870e-01 3.94090e-02 4.62623e-02 2.69514e-03 -5.19162e-04 9.32371e+04
1.84780e+03 1.00000e+00 6.43223e-05 7.43429e-05 1.13754e-05 -2.17401e-06 9.32371e+04
3.88470e+02 1.00000e+00 1.33353e+00 1.58240e+00 7.01441e-02 1.58731e-03 9.32371e+04
2.41760e+03 2.02870e-02 1.30183e-06 1.46300e-06 5.15255e-07 -3.96531e-08 9.32371e+04
8.74470e+02 1.00000e+00 2.19892e-02 2.52865e-02 1.33506e-03 8.00256e-04 9.32371e+04
8.16530e+02 9.99990e-01 3.32440e-02 3.74033e-02 2.28705e-03 -1.83812e-03 9.32371e+04
8.40060e+02 -9.60440e-03 1.10790e-02 1.28346e-02 7.54184e-04 4.57272e-04 9.32371e+04
1.77860e+03 1.00000e+00 9.76975e-05 1.03101e-04 1.43170e-05 2.43173e-06 9.32371e+04
4.53590e+02 1.00000e+00 6.94956e-01 7.92282e-01 3.19501e-02 -6.93694e-03 9.32371e+04
1.94990e+03 9.99970e-01 3.62647e-05 4.04308e-05 7.05939e-06 -1.31872e-06 9.32371e+04
1.75850e+03 9.99990e-01 1.09290e-04 1.18838e-04 1.62963e-05 4.41249e-07 9.32371e+04
1.56220e+03 2.05860e-03 1.33979e-04 1.46720e-04 1.70691e-05 1.19638e-06 9.32371e+04
6.94460e+02 1.00000e+00 7.68115e-02 9.20977e-02 4.54869e-03 3.00287e-03 9.32371e+04
5.03460e+02 -4.95310e-03 1.57346e-01 1.91514e-01 8.29165e-03 1.71507e-03 9.32371e+04
8.41640e+02 9.99930e-01 2.64513e-02 3.15464e-02 1.74872e-03 2.12111e-04 9.32371e+04
7.49890e+02 9.99950e-01 5.12944e-02 6.00056e-02 2.91958e-03 -6.85661e-04 9.32371e+04
3.09040e+03 1.00000e+00 9.36981e-08 1.04304e-07 5.25781e-08 -1.11187e-08 9.32371e+04
2.27630e+03 9.99890e-01 6.67442e-06 7.39603e-06 2.01089e-06 1.01643e-07 9.32371e+04
2.62870e+03 9.99880e-01 1.00014e-06 1.10320e-06 3.80621e-07 -2.37526e-08 9.32371e+04
1.81140e+03 4.37340e-03 3.32075e-05 3.67619e-05 5.91314e-06 -6.60788e-07 9.32371e+04
7.56330e+02 9.88210e-01 5.05919e-02 5.62698e-02 3.03992e-03 -4.70596e-04 9.32371e+04
1.09150e+03 -2.23770e-02 2.10684e-03 2.32839e-03 1.73545e-04 -1.55225e-05 9.32371e+04
2.58940e+03 2.63550e-02 5.30101e-07 5.99936e-07 2.50942e-07 -3.19214e-08 9.32371e+04
1.21130e+03 9.99990e-01 2.46323e-03 2.69032e-03 2.00249e-04 1.86625e-06 9.32371e+04
7.19310e+02 1.59390e-03 2.64506e-02 3.03293e-02 1.87450e-03 9.87810e-04 9.32371e+04
4.47910e+02 9.99860e-01 7.13799e-01 8.41311e-01 3.38645e-02 3.93555e-02 9.32371e+04
1.12980e+03 9.99990e-01 3.82805e-03 4.78235e-03 3.69887e-04 -1.66147e-04 9.32371e+04
2.38900e+03 9.88530e-01 3.35774e-06 3.84682e-06 1.22286e-06 -8.46483e-08 9.32371e+04
1.01730e+03 -9.78360e-03 3.39199e-03 3.79549e-03 3.05616e-04 1.26901e-04 9.32371e+04
1.20290e+03 1.34690e-02 1.05143e-03 1.20643e-03 9.95191e-05 1.66090e-05 9.32371e+04
8.87440e+02 9.59510e-01 1.75416e-02 1.94315e-02 1.40620e-03 7.08733e-04 9.32371e+04
1.07850e+03 1.11900e-02 2.20589e-03 2.59381e-03 1.82605e-04 -9.24389e-05 9.32371e+04
1.41200e+03 9.85830e-01 7.48564e-04 8.03516e-04 7.54125e-05 -8.69579e-06 9.32371e+04
1.46720e+03 3.78940e-02 2.36306e-04 2.52062e-04 2.97834e-05 4.68803e-06 9.32371e+04
9.55600e+02 -1.59730e-02 4.97243e-03 5.46467e-03 3.48745e-04 -2.14333e-04 9.32371e+04
6.36410e+02 1.00000e+00 1.29171e-01 1.51924e-01 6.86037e-03 -4.98226e-03 9.32371e+04
5.43170e+02 3.14660e-03 1.13887e-01 1.35085e-01 6.17627e-03 -1.68960e-03 9.32371e+04
2.53200e+03 1.00000e+00 1.69536e-06 1.80733e-06 6.64521e-07 -1.79274e-07 9.32371e+04
1.49040e+03 9.99990e-01 4.76874e-04 5.44291e-04 5.48149e-05 -8.60916e-06 9.32371e+04
9.76810e+02 9.99970e-01 1.08156e-02 1.21509e-02 8.61183e-04 4.84766e-06 9.32371e+04
4.92520e+02 9.99800e-01 4.56133e-01 5.43137e-01 2.36094e-02 -1.52281e-02 9.32371e+04
2.13730e+03 1.00000e+00 1.38192e-05 1.41625e-05 3.72204e-06 -3.61399e-07 9.32371e+04
7.05010e+02 9.97910e-01 7.31370e-02 8.73400e-02 4.10207e-03 -5.75435e-05 9.32371e+04
1.17080e+03 9.85990e-01 3.00767e-03 3.42460e-03 2.34152e-04 -7.52417e-05 9.32371e+04
2.68160e+02 8.39260e-01 3.81154e+00 4.56439e+00 1.64084e-01 -1.07544e-01 9.32371e+04
9.78500e+02 9.99990e-01 1.06691e-02 1.22919e-02 8.39585e-04 -4.70088e-04 9.32371e+04
8.68760e+02 4.99900e-01 8.31826e-03 9.82622e-03 6.35657e-04 8.04168e-05 9.32371e+04
1.05830e+03 9.83850e-01 5.92133e-03 7.07683e-03 4.46446e-04 9.02145e-05 9.32371e+04
7.57670e+02 -4.09460e-03 2.07876e-02 2.27502e-02 1.40423e-03 1.81546e-04 9.32371e+04
6.05220e+02 4.69280e-03 7.00601e-02 7.76108e-02 3.55333e-03 -1.19983e-03 9.32371e+04
1.70740e+03 9.08590e-01 1.09089e-04 1.21323e-04 1.70584e-05 2.40185e-06 9.32371e+04
8.53830e+02 3.45040e-03 1.02782e-02 1.10106e-02 6.41453e-04 -3.26523e-04 9.32371e+04
6.76550e+02 9.99980e-01 9.33015e-02 1.07977e-01 5.23670e-03 -9.93358e-04 9.32371e+04
5.27440e+02 -1.76320e-02 1.33134e-01 1.49708e-01 7.57392e-03 2.38729e-03 9.32371e+04
2.30980e+03 9.99960e-01 5.30078e-06 5.84734e-06 1.74191e-06 -1.35636e-07 9.32371e+04
1.65980e+03 9.99480e-01 1.78556e-04 2.01516e-04 2.55909e-05 2.72782e-06 9.32371e+04
1.38480e+03 6.50030e-03 3.68334e-04 4.05957e-04 4.30656e-05 -2.03634e-06 9.32371e+04
1.62070e+03 -1.81730e-03 9.04882e-05 1.02905e-04 1.31549e-05 -6.90627e-07 9.32371e+04
3.46650e+02 1.00000e+00 2.24581e+00 2.53738e+00 1.00835e-01 2.14447e-02 9.32371e+04
1.31090e+03 9.99750e-01 1.36481e-03 1.58436e-03 1.29871e-04 -2.50069e-06 9.32371e+04
1.20980e+03 9.99710e-01 2.55343e-03 2.86999e-03 2.12796e-04 -4.21605e-05 9.32371e+04
1.94470e+03 -8.93050e-02 1.59386e-05 1.77202e-05 3.53922e-06 -3.04467e-07 9.32371e+04
7.16060e+02 9.99880e-01 6.89181e-02 7.88572e-02 4.37398e-03 -9.40652e-04 9.32371e+04
1.43810e+03 4.65810e-03 2.64350e-04 3.00651e-04 3.04024e-05 -1.45090e-05 9.32371e+04
7.75780e+02 1.00000e+00 4.39538e-02 4.91230e-02 2.77123e-03 -1.54336e-03 9.32371e+04
6.91360e+02 9.99980e-01 8.36184e-02 9.46192e-02 4.82352e-03 1.28043e-03 9.32371e+04
9.56580e+02 1.00000e+00 1.20880e-02 1.37460e-02 1.11749e-03 2.08195e-05 9.32371e+04
2.89130e+02 9.99950e-01 4.65251e+00 5.58441e+00 2.06829e-01 2.21731e-01 9.32371e+04
8.39000e+02 9.99980e-01 2.70770e-02 3.12462e-02 1.66406e-03 3.84064e-04 9.32371e+04
1.97130e+03 -6.48250e-03 1.43311e-05 1.61050e-05 3.09139e-06 -1.96792e-07 9.32371e+04
1.52630e+03 1.14380e-03 1.65851e-04 1.76563e-04 2.18478e-05 -2.23930e-06 9.32371e+04
9.96170e+02 2.84490e-03 3.78783e-03 4.55341e-03 3.18497e-04 -1.01620e-04 9.32371e+04
3.11100e+03 9.99480e-01 8.56616e-08 9.39776e-08 4.60440e-08 -5.94049e-09 9.32371e+04
8.29100e+02 1.00000e+00 2.90255e-02 3.39372e-02 1.89378e-03 -3.86847e-04 9.32371e+04
2.34120e+02 9.99310e-01 1.03573e+01 1.29251e+01 4.38266e-01 1.81144e-01 9.32371e+04
1.40900e+03 9.99430e-01 7.59493e-04 8.83908e-04 8.42163e-05 4.35514e-06 9.32371e+04
2.68790e+03 9.99960e-01 7.07001e-07 7.66353e-07 3.11506e-07 -2.76557e-08 9.32371e+04
2.17470e+03 9.99700e-01 1.09966e-05 1.22451e-05 3.08669e-06 -7.69835e-08 9.32371e+04
3.02210e+03 9.95800e-01 1.29308e-07 1.45693e-07 6.64309e-08 -1.12739e-08 9.32371e+04
1.58820e+03 9.99870e-01 2.54388e-04 3.13073e-04 3.48414e-05 1.43372e-06 9.32371e+04
3.16660e+03 9.99660e-01 6.43801e-08 7.29488e-08 3.13516e-08 -7.28020e-09 9.32371e+04
9.97710e+02 9.90620e-01 9.29277e-03 1.05532e-02 6.95525e-04 -1.55648e-04 9.32371e+04
1.83330e+03 -2.53530e-02 2.96430e-05 3.37689e-05 5.25910e-06 -6.02111e-07 9.32371e+04
1.72080e+03 1.23090e-02 5.38089e-05 6.28644e-05 9.09150e-06 3.24750e-07 9.32371e+04
2.78240e+02 -8.15290e-03 2.02320e+00 2.47904e+00 9.23335e-02 -3.69559e-02 9.32371e+04
5.79960e+02 9.88000e-01 1.99204e-01 2.31585e-01 1.05349e-02 6.17355e-03 9.32371e+04
2.24410e+03 1.00000e+00 7.49936e-06 8.41380e-06 2.39392e-06 -6.38453e-08 9.32371e+04
2.13770e+03 7.86640e-04 5.81467e-06 6.46443e-06 1.47905e-06 -1.43798e-08 9.32371e+04
2.52140e+03 -6.37340e-03 7.62196e-07 8.53433e-07 3.14438e-07 -3.60550e-08 9.32371e+04
1.02500e+03 7.97530e-03 3.32436e-03 3.74210e-03 2.48642e-04 -5.58121e-05 9.32371e+04
2.71440e+03 9.99940e-01 6.30651e-07 6.90490e-07 2.82659e-07 -5.31136e-08 9.32371e+04
6.05530e+02 -1.91260e-03 6.67994e-02 7.76567e-02 3.25652e-03 8.39607e-04 9.32371e+04
2.06890e+03 3.92600e-03 8.68114e-06 9.28920e-06 1.91885e-06 -1.00335e-07 9.32371e+04
1.39730e+03 8.36020e-02 3.46457e-04 3.78800e-04 3.68914e-05 -7.57219e-07 9.32371e+04
1.57860e+03 9.99990e-01 2.93610e-04 3.25676e-04 3.32516e-05 -1.25790e-05 9.32371e+04
1.10790e+03 9.99990e-01 4.62319e-03 5.47916e-03 3.94949e-04 1.38707e-04 9.32371e+04
2.30380e+03 1.04030e-04 2.42247e-06 2.60444e-06 8.27444e-07 -4.77633e-08 9.32371e+04
4.71680e+02 9.98120e-01 5.62006e-01 6.65794e-01 2.87886e-02 3.60934e-03 9.32371e+04
2.40690e+03 2.34210e-03 1.37735e-06 1.56218e-06 5.18993e-07 -7.54834e-08 9.32371e+04
2.19620e+03 9.99980e-01 9.96034e-06 1.08852e-05 2.71998e-06 3.57441e-07 9.32371e+04
1.93490e+03 6.15620e-03 1.68393e-05 1.96984e-05 3.68626e-06 -4.15361e-07 9.32371e+04
5.41040e+02 9.99960e-01 2.88637e-01 3.59077e-01 1.35127e-02 9.75479e-04 9.32371e+04
6.03650e+02 -1.35860e-02 6.72580e-02 8.06751e-02 4.00477e-03 -1.19215e-03 9.32371e+04
1.69270e+03 9.99510e-01 1.51655e-04 1.67210e-04 2.37655e-05 5.72954e-06 9.32371e+04
3.67980e+02 9.92290e-01 1.63565e+00 2.02061e+00 7.20032e-02 8.81770e-02 9.32371e+04
7.31560e+02 -5.08430e-03 2.52519e-02 2.90918e-02 1.72346e-03 -2.12768e-04 9.32371e+04
9.68640e+02 -9.06600e-04 4.62366e-03 5.04944e-03 3.52526e-04 -1.75127e-04 9.32371e+04
1.05880e+03 9.99980e-01 6.57681e-03 6.97295e-03 4.26714e-04 -1.08339e-04 9.32371e+04
1.07030e+03 1.00000e+00 5.82617e-03 6.48463e-03 4.57980e-04 -1.60845e-04 9.32371e+04
3.29610e+02 9.99950e-01 2.60454e+00 3.23445e+00 1.18926e-01 -3.98614e-02 9.32371e+04
1.36040e+03 1.00000e+00 9.81574e-04 1.12408e-03 9.81626e-05 -7.46382e-06 9.32371e+04
5.67440e+02 9.70030e-01 2.08163e-01 2.49572e-01 9.52389e-03 -3.73833e-03 9.32371e+04
2.87740e+02 1.00000e+00 4.83530e+00 5.71574e+00 2.06370e-01 -1.18006e-01 9.32371e+04
3.22230e+02 5.25330e-04 1.12972e+00 1.39504e+00 5.49070e-02 -3.51160e-02 9.32371e+04
1.29690e+03 -5.58430e-03 6.04669e-04 6.79877e-04 5.86689e-05 9.09875e-06 9.32371e+04
5.26060e+02 1.68790e-02 1.32861e-01 1.52892e-01 6.91389e-03 3.55511e-03 9.32371e+04
2.44320e+03 -2.84130e-02 1.17953e-06 1.30495e-06 4.60821e-07 -4.77667e-08 9.32371e+04
1.74330e+03 1.00340e-02 4.75562e-05 5.65980e-05 7.71393e-06 -4.71865e-07 9.32371e+04
8.18820e+02 -5.06680e-03 1.31675e-02 1.52477e-02 8.77367e-04 1.41682e-04 9.32371e+04
1.01920e+03 9.99990e-01 7.89026e-03 9.48736e-03 6.64567e-04 -1.26935e-04 9.32371e+04
2.07500e+03 2.16340e-03 7.99835e-06 9.04125e-06 2.02475e-06 1.00292e-07 9.32371e+04
4.80590e+02 -8.32060e-03 2.03282e-01 2.32199e-01 8.92294e-03 2.49710e-03 9.32371e+04
7.38680e+02 -4.88510e-04 2.29803e-02 2.58658e-02 1.37256e-03 -5.80062e-04 9.32371e+04
2.88170e+02 1.00000e+00 4.64898e+00 5.48279e+00 2.03457e-01 -1.01312e-01 9.32371e+04
1.20240e+03 1.00000e+00 2.63807e-03 2.89397e-03 2.34672e-04 -2.12702e-04 9.32371e+04
1.37960e+03 9.99980e-01 9.05498e-04 1.04530e-03 9.44561e-05 -1.80392e-05 9.32371e+04
1.66070e+03 -8.75710e-04 7.54206e-05 8.56933e-05 1.18605e-05 -3.57869e-06 9.32371e+04
7.05910e+02 9.99180e-01 7.44188e-02 8.91817e-02 4.16126e-03 2.86488e-03 9.32371e+04
2.29570e+02 1.52380e-01 4.26672e+00 5.26818e+00 1.83039e-01 -1.88798e-02 9.32371e+04
1.59760e+02 1.28270e-03 1.61281e+01 2.06928e+01 9.16666e-01 2.26150e-02 9.32371e+04
2.20130e+03 -1.04160e-02 3.92221e-06 4.69203e-06 1.25471e-06 -9.63367e-08 9.32371e+04
2.21040e+03 4.61020e-02 3.90861e-06 4.29997e-06 1.06208e-06 -1.56507e-08 9.32371e+04
2.06910e+03 1.00000e+00 1.94658e-05 2.20409e-05 4.50051e-06 -5.78721e-07 9.32371e+04
2.03190e+03 1.26070e-02 9.96502e-06 1.16182e-05 2.34333e-06 6.82178e-07 9.32371e+04
1.76530e+03 -4.70800e-03 4.18026e-05 4.72347e-05 7.57221e-06 -1.28789e-06 9.32371e+04
7.29220e+02 -2.00250e-03 2.48026e-02 2.73882e-02 1.57773e-03 3.96748e-04 9.32371e+04
2.91590e+02 9.99780e-01 4.42559e+00 5.34714e+00 1.41285e-01 -9.73661e-02 9.32371e+04
4.44630e+02 9.99830e-01 7.35080e-01 8.64586e-01 2.57001e-02 1.79252e-02 9.32371e+04
3.00970e+03 9.99980e-01 1.38897e-07 1.49177e-07 7.48211e-08 -8.33202e-09 9.32371e+04
2.86400e+03 1.00000e+00 2.94729e-07 3.27205e-07 1.52608e-07 -1.22266e-08 9.32371e+04
6.12250e+02 -6.16640e-03 6.15479e-02 7.50159e-02 3.30418e-03 -2.49166e-03 9.32371e+04
2.20570e+03 9.99920e-01 9.45109e-06 1.03774e-05 2.64253e-06 1.97423e-07 9.32371e+04
1.07670e+02 -2.39920e-01 6.07816e+01 7.46997e+01 3.66680e+00 5.13655e-01 9.32371e+04
6.88770e+02 8.02380e-02 3.24508e-02 3.87789e-02 2.07511e-03 -1.94832e-04 9.32371e+04
1.96980e+03 1.00000e+00 3.40613e-05 3.69776e-05 7.12180e-06 1.71436e-06 9.32371e+04
1.00970e+03 5.00250e-02 3.54759e-03 4.01874e-03 3.15118e-04 -8.81496e-05 9.32371e+04
1.38970e+03 9.99910e-01 8.89765e-04 9.57550e-04 8.48546e-05 -4.33701e-06 9.32371e+04
8.00660e+02 1.00000e+00 3.70174e-02 4.30793e-02 2.32318e-03 -4.59056e-04 9.32371e+04
1.75090e+03 9.98950e-01 1.10128e-04 1.19523e-04 1.73507e-05 -5.39081e-06 9.32371e+04
1.12490e+03 3.24990e-03 1.71053e-03 1.98239e-03 1.55158e-04 -9.74268e-05 9.32371e+04
1.72770e+03 9.99610e-01 1.26733e-04 1.35555e-04 1.79803e-05 -1.27990e-06 9.32371e+04
1.51010e+03 9.99690e-01 4.22632e-04 4.83115e-04 4.36046e-05 8.98110e-06 9.32371e+04
5.99820e+02 1.00000e+00 1.79478e-01 2.03645e-01 7.88231e-03 -3.49514e-03 9.32371e+04
5.41500e+02 6.18230e-03 1.14892e-01 1.34638e-01 5.23882e-03 -2.02024e-03 9.32371e+04
1.30730e+03 3.49540e-02 5.68949e-04 6.23268e-04 6.06737e-05 -1.69572e-05 9.32371e+04
1.91220e+03 3.69310e-03 1.87319e-05 2.11514e-05 3.73399e-06 1.02837e-06 9.32371e+04
2.25400e+03 -1.33980e-02 3.19130e-06 3.30496e-06 9.23435e-07 -4.51821e-08 9.32371e+04
2.65830e+02 1.81720e-03 2.48990e+00 2.90362e+00 1.23482e-01 -4.70876e-02 9.32371e+04
5.54480e+02 -1.12670e-02 1.02945e-01 1.16919e-01 5.05026e-03 -1.63330e-03 9.32371e+04
6.91820e+02 9.99830e-01 8.56681e-02 9.58718e-02 3.56414e-03 -3.08952e-03 9.32371e+04
8.65190e+02 2.45000e-02 9.49217e-03 1.10423e-02 7.54607e-04 -2.34961e-04 9.32371e+04
7.41850e+02 1.00000e+00 5.82752e-02 6.39890e-02 3.05226e-03 -2.34873e-03 9.32371e+04
1.81920e+03 9.99930e-01 7.57065e-05 8.27433e-05 1.24529e-05 -5.66405e-07 9.32371e+04
9.54090e+02 1.38850e-02 5.11912e-03 6.10271e-03 3.74713e-04 -3.94113e-04 9.32371e+04
9.43120e+02 -1.95150e-05 5.28051e-03 5.92889e-03 3.83698e-04 5.75648e-04 9.32371e+04
9.36940e+02 -4.13110e-03 5.93281e-03 6.48365e-03 4.54932e-04 -1.52490e-04 9.32371e+04
1.56780e+03 9.99970e-01 3.17699e-04 3.42165e-04 3.92576e-05 1.10770e-05 9.32371e+04
9.65560e+02 9.02900e-03 4.66142e-03 5.32418e-03 3.60432e-04 2.09630e-04 9.32371e+04
1.67950e+03 -3.40250e-03 6.64787e-05 7.86604e-05 1.12233e-05 1.73553e-07 9.32371e+04
1.30820e+03 9.98280e-04 5.59657e-04 6.33678e-04 5.96985e-05 -1.36752e-05 9.32371e+04
1.41970e+03 6.88000e-03 2.99192e-04 3.36368e-04 3.35887e-05 -1.50089e-05 9.32371e+04
2.43080e+03 9.99820e-01 2.72842e-06 3.07204e-06 9.85846e-07 -8.47906e-08 9.32371e+04
2.23150e+03 1.00000e+00 8.05808e-06 8.79570e-06 2.43237e-06 2.10192e-07 9.32371e+04
4.20640e+02 3.83970e-02 3.67675e-01 4.41886e-01 1.75256e-02 -5.41091e-03 9.32371e+04
9.68320e+02 1.02070e-02 4.66989e-03 5.24820e-03 3.35995e-04 -3.52511e-05 9.32371e+04
1.50700e+03 9.99990e-01 4.38681e-04 4.83691e-04 4.11615e-05 -1.68307e-05 9.32371e+04
1.92670e+03 9.99730e-01 4.02885e-05 4.76088e-05 7.57729e-06 -1.07983e-06 9.32371e+04
6.39010e+02 9.99780e-01 1.24975e-01 1.45267e-01 6.84660e-03 -9.53317e-04 9.32371e+04
2.00040e+03 -5.49880e-03 1.19998e-05 1.35018e-05 2.72849e-06 7.69564e-08 9.32371e+04
3.05070e+03 3.18950e-02 5.09081e-08 5.72887e-08 3.32887e-08 -4.65930e-09 9.32371e+04
3.81990e+02 -8.25900e-03 5.56299e-01 6.62944e-01 2.97480e-02 -1.30508e-02 9.32371e+04
9.09900e+02 9.99800e-01 1.62066e-02 1.90604e-02 1.49501e-03 -3.14659e-04 9.32371e+04
8.17230e+02 8.88600e-01 2.30658e-02 2.65583e-02 1.47618e-03 4.88782e-04 9.32371e+04
3.10880e+03 1.11510e-01 3.87860e-08 4.43803e-08 2.62338e-08 -2.85909e-09 9.32371e+04
2.24470e+03 4.26030e-04 3.37812e-06 3.63031e-06 1.05414e-06 -1.73762e-07 9.32371e+04
1.13740e+03 1.00000e+00 3.93106e-03 4.23714e-03 3.58414e-04 3.19822e-05 9.32371e+04
3.89280e+02 1.00000e+00 1.33418e+00 1.60638e+00 6.56593e-02 -9.53329e-04 9.32371e+04
1.61490e+03 1.16580e-02 1.01893e-04 1.11557e-04 1.34546e-05 -6.44671e-06 9.32371e+04
1.34780e+03 9.97250e-01 1.03138e-03 1.28165e-03 1.01147e-04 -4.00819e-05 9.32371e+04
4.11240e+02 9.99590e-01 1.04436e+00 1.23369e+00 4.37789e-02 -2.09792e-02 9.32371e+04
5.90960e+02 6.29640e-04 7.55156e-02 8.86204e-02 3.98218e-03 -3.19937e-03 9.32371e+04
3.26610e+03 9.98280e-03 1.86845e-08 2.00991e-08 1.25503e-08 -1.37622e-09 9.32371e+04
8.49780e+02 1.00000e+00 2.55489e-02 2.92032e-02 1.74497e-03 -7.97127e-04 9.32371e+04
7.93410e+02 1.33080e-03 1.52732e-02 1.76662e-02 1.13750e-03 -1.78215e-04 9.32371e+04
2.79390e+03 -2.42240e-02 1.81701e-07 2.12860e-07 1.08598e-07 -7.28195e-09 9.32371e+04
1.19720e+03 9.99980e-01 2.54257e-03 3.05884e-03 2.41413e-04 3.44898e-05 9.32371e+04
6.28040e+02 3.47320e-03 5.41131e-02 6.43242e-02 3.13809e-03 3.23967e-03 9.32371e+04
2.75980e+03 9.99980e-01 4.98294e-07 5.76558e-07 2.28396e-07 -3.80540e-08 9.32371e+04
9.08080e+02 1.00000e+00 1.75059e-02 2.00813e-02 1.24567e-03 -1.38252e-04 9.32371e+04
1.53510e+03 1.18390e-03 1.49882e-04 1.69007e-04 1.82759e-05 2.12427e-07 9.32371e+04
1.88230e+03 9.99980e-01 5.44247e-05 6.06931e-05 9.99350e-06 -3.66726e-06 9.32371e+04
4.76610e+02 -3.95080e-03 2.03842e-01 2.46711e-01 9.39805e-03 6.55201e-04 9.32371e+04
2.61450e+03 9.99780e-01 1.06053e-06 1.18126e-06 4.68773e-07 -2.38485e-08 9.32371e+04
1.58370e+03 9.99970e-01 2.91580e-04 3.23788e-04 3.28997e-05 -3.65207e-06 9.32371e+04
1.05510e+03 4.24490e-03 2.69564e-03 3.06305e-03 1.91741e-04 -8.66507e-05 9.32371e+04
2.64930e+03 9.94810e-03 4.09996e-07 4.26796e-07 2.07079e-07 -3.48370e-08 9.32371e+04
4.24700e+02 9.99990e-01 9.18543e-01 1.08731e+00 3.97125e-02 -3.46709e-02 9.32371e+04
6.28420e+02 5.16010e-05 5.36454e-02 6.47913e-02 3.13165e-03 5.67580e-04 9.32371e+04
2.31990e+03 9.99970e-01 5.22003e-06 5.46512e-06 1.66906e-06 -8.42236e-08 9.32371e+04
1.96940e+03 9.99990e-01 3.34136e-05 3.83072e-05 6.98127e-06 1.80203e-08 9.32371e+04
1.20820e+03 2.23650e-02 1.07841e-03 1.20078e-03 9.11955e-05 -5.93896e-05 9.32371e+04
6.70220e+02 -2.63610e-02 3.89264e-02 4.43177e-02 2.28401e-03 3.33815e-04 9.32371e+04
2.26390e+03 -3.38520e-03 2.94979e-06 3.26861e-06 9.51604e-07 4.36620e-08 9.32371e+04
3.03490e+03 9.99740e-01 1.26638e-07 1.32445e-07 6.47062e-08 -6.86814e-09 9.32371e+04
1.64970e+03 9.99770e-01 1.89951e-04 2.13912e-04 2.71379e-05 1.48848e-06 9.32371e+04
2.68060e+03 1.00000e+00 7.50306e-07 8.38184e-07 3.54809e-07 -7.27931e-08 9.32371e+04
3.93380e+02 3.75390e-03 5.02037e-01 5.68784e-01 2.07394e-02 8.35366e-04 9.32371e+04
6.31970e+02 4.60720e-05 5.37615e-02 6.07509e-02 2.89319e-03 -1.08818e-03 9.32371e+04
2.24770e+03 -2.19190e-03 3.26326e-06 3.69998e-06 9.71559e-07 3.63826e-09 9.32371e+04
1.26870e+03 -5.69810e-01 6.98145e-04 8.19649e-04 6.51151e-05 -1.23828e-05 9.32371e+04
1.30650e+03 1.00000e+00 1.38880e-03 1.59360e-03 1.29575e-04 -5.22401e-05 9.32371e+04
1.71880e+03 -1.45770e-02 5.54300e-05 6.31973e-05 9.60199e-06 7.43232e-08 9.32371e+04
1.02420e+03 -6.13460e-04 3.24531e-03 3.70684e-03 2.70007e-04 9.36868e-05 9.32371e+04
1.16950e+03 1.49100e-03 1.32254e-03 1.42318e-03 1.23096e-04 2.37150e-05 9.32371e+04
1.75740e+03 5.11140e-04 4.42043e-05 5.02123e-05 7.51276e-06 -1.94900e-08 9.32371e+04
7.88610e+02 9.99980e-01 4.03643e-02 4.65133e-02 2.30226e-03 -1.61892e-03 9.32371e+04
3.02270e+03 -2.45140e-03 5.77598e-08 6.44597e-08 3.92662e-08 -5.55712e-09 9.32371e+04
2.09070e+03 3.32740e-02 7.50258e-06 8.45874e-06 1.83245e-06 -1.51806e-07 9.32371e+04
1.35790e+03 9.99920e-01 9.61656e-04 1.19121e-03 9.31113e-05 -2.12548e-05 9.32371e+04
1.16290e+03 1.00000e+00 3.23144e-03 3.77410e-03 2.65697e-04 1.71721e-04 9.32371e+04
1.96150e+03 1.00000e+00 3.58521e-05 3.79816e-05 7.61868e-06 -7.91379e-07 9.32371e+04
8.00930e+02 9.99900e-01 3.81207e-02 4.30207e-02 2.32947e-03 -1.74188e-04 9.32371e+04
1.23990e+03 1.23980e-02 8.45736e-04 9.31178e-04 8.16745e-05 -3.78870e-06 9.32371e+04
1.44020e+03 9.99940e-01 6.29649e-04 6.90945e-04 6.07995e-05 -2.69294e-05 9.32371e+04
1.35210e+03 9.99960e-01 1.06174e-03 1.19226e-03 1.01338e-04 -2.79248e-05 9.32371e+04
7.25080e+02 9.99990e-01 6.39853e-02 7.34352e-02 3.78753e-03 -1.35524e-03 9.32371e+04
2.63980e+03 2.20970e-02 4.18141e-07 4.61211e-07 1.97710e-07 -1.38317e-08 9.32371e+04
7.61870e+02 9.99870e-01 4.99288e-02 5.72586e-02 3.48589e-03 -1.37685e-03 9.32371e+04
1.02510e+03 9.99920e-01 8.08698e-03 9.15389e-03 6.23971e-04 5.51251e-05 9.32371e+04
9.07410e+02 9.99990e-01 1.69068e-02 1.97176e-02 1.33595e-03 1.73886e-04 9.32371e+04
1.75610e+03 9.99990e-01 1.05946e-04 1.16255e-04 1.66287e-05 -6.96403e-07 9.32371e+04
4.87390e+02 9.61510e-01 4.38356e-01 5.02738e-01 2.05588e-02 -8.22178e-03 9.32371e+04
9.26260e+02 1.00000e+00 1.49095e-02 1.81424e-02 1.20649e-03 -7.87143e-04 9.32371e+04
1.11710e+03 9.99970e-01 4.46656e-03 5.15772e-03 3.39154e-04 -7.88594e-05 9.32371e+04
1.54080e+03 3.06010e-02 1.46647e-04 1.69161e-04 1.92061e-05 -4.60466e-06 9.32371e+04
1.00560e+03 -7.95780e-03 3.61861e-03 4.16957e-03 2.74243e-04 -3.08055e-05 9.32371e+04
6.67630e+02 -3.66370e-04 3.98681e-02 4.36553e-02 2.60417e-03 1.27525e-04 9.32371e+04
6.78410e+02 1.00000e+00 8.93931e-02 1.07921e-01 5.23964e-03 -5.74646e-04 9.32371e+04
1.08550e+03 -1.53120e-03 2.17610e-03 2.52481e-03 1.78297e-04 1.16280e-04 9.32371e+04
1.67060e+03 9.99980e-01 1.75303e-04 1.95201e-04 2.49721e-05 -6.61744e-06 9.32371e+04
1.59940e+03 1.81150e-03 1.04504e-04 1.24005e-04 1.38413e-05 6.95428e-07 9.32371e+04
6.21660e+02 9.99970e-01 1.47259e-01 1.78304e-01 7.38244e-03 -5.93366e-04 9.32371e+04
1.46960e+03 1.00000e+00 5.45740e-04 5.97407e-04 6.24210e-05 -4.11840e-05 9.32371e+04
1.36670e+03 -9.82900e-02 3.94998e-04 4.40711e-04 4.76428e-05 1.73391e-07 9.32371e+04
1.82130e+03 9.99990e-01 7.03854e-05 8.33621e-05 1.27882e-05 -1.29341e-06 9.32371e+04
2.31590e+03 9.99010e-01 5.21090e-06 5.61576e-06 1.65763e-06 -1.24218e-07 9.32371e+04
8.71720e+02 1.41660e-03 8.56107e-03 9.62801e-03 7.46181e-04 -1.27638e-04 9.32371e+04
9.47070e+02 9.99920e-01 1.32723e-02 1.41881e-02 1.10673e-03 6.47540e-04 9.32371e+04
5.89870e+02 1.56630e-02 7.59256e-02 8.81884e-02 4.30412e-03 1.26666e-03 9.32371e+04
3.41880e+03 9.95970e-01 2.03015e-08 2.17242e-08 1.11101e-08 -2.45114e-09 9.32371e+04
1.92130e+03 9.99980e-01 4.35197e-05 4.76876e-05 8.46563e-06 -1.41891e-06 9.32371e+04
1.36400e+03 1.00000e+00 1.02146e-03 1.15586e-03 9.77693e-05 -5.23872e-05 9.32371e+04
1.29580e+03 9.99970e-01 1.44792e-03 1.69108e-03 1.16763e-04 -5.27813e-05 9.32371e+04
2.12110e+03 1.00000e+00 1.49074e-05 1.63804e-05 3.75323e-06 3.56392e-07 9.32371e+04
9.87680e+02 9.99970e-01 1.05044e-02 1.12369e-02 6.88903e-04 7.57729e-05 9.32371e+04
1.57520e+03 9.97600e-01 2.87822e-04 3.34670e-04 3.73991e-05 -2.38433e-05 9.32371e+04
9.98450e+02 9.99990e-01 9.88109e-03 1.14583e-02 7.41617e-04 -1.56934e-04 9.32371e+04
1.40870e+03 -1.06120e-01 3.20423e-04 3.62082e-04 3.54900e-05 -2.61267e-06 9.32371e+04
1.93260e+03 -3.39440e-02 1.73468e-05 1.87038e-05 3.59538e-06 4.62819e-08 9.32371e+04
3.14700e+03 9.99990e-01 7.29387e-08 8.01704e-08 3.89113e-08 -6.39777e-09 9.32371e+04
2.82620e+02 1.00000e+00 5.06868e+00 6.13789e+00 2.13777e-01 -8.02133e-02 9.32371e+04
3.07270e+02 1.00000e+00 3.55733e+00 4.25726e+00 1.38093e-01 3.23565e-02 9.32371e+04
9.76980e+02 -5.06520e-02 4.53532e-03 4.89950e-03 3.29331e-04 -3.75295e-05 9.32371e+04
1.20920e+03 -5.42520e-03 9.92646e-04 1.18983e-03 8.78942e-05 1.12144e-05 9.32371e+04
2.05730e+03 -1.94730e-03 8.43307e-06 1.01210e-05 2.17835e-06 -1.54763e-07 9.32371e+04
2.43680e+03 3.18510e-02 1.20297e-06 1.29009e-06 4.59980e-07 -5.60013e-08 9.32371e+04
4.71820e+02 9.78000e-01 5.16774e-01 6.21165e-01 2.51959e-02 1.12303e-02 9.32371e+04
1.97230e+03 7.04750e-02 1.40323e-05 1.57228e-05 3.20180e-06 -5.78654e-07 9.32371e+04
2.62760e+03 9.99990e-01 9.69242e-07 1.09684e-06 4.11989e-07 -1.05855e-08 9.32371e+04
1.57910e+03 -2.20960e-02 1.21064e-04 1.35652e-04 1.58121e-05 -2.08315e-06 9.32371e+04
1.50690e+03 2.58790e-03 1.77721e-04 2.04723e-04 2.26328e-05 1.67407e-06 9.32371e+04
6.78970e+02 1.00000e+00 9.07419e-02 1.04547e-01 5.81583e-03 -2.80111e-03 9.32371e+04
1.50780e+03 1.00000e+00 4.35476e-04 5.09557e-04 4.97167e-05 -1.15214e-05 9.32371e+04
6.23320e+02 -9.32850e-03 5.66303e-02 6.68815e-02 3.33754e-03 2.11052e-03 9.32371e+04
2.21790e+03 9.99700e-01 8.82009e-06 9.88186e-06 2.44713e-06 -1.39938e-07 9.32371e+04
1.51250e+03 9.92520e-01 3.99707e-04 4.56167e-04 4.33942e-05 -4.12968e-06 9.32371e+04
8.02840e+02 -1.90210e-02 1.42173e-02 1.54197e-02 9.35563e-04 -4.12075e-04 9.32371e+04
1.80660e+03 4.80300e-03 3.39739e-05 3.97749e-05 6.10229e-06 4.34896e-07 9.32371e+04
1.42900e+03 9.96270e-03 2.82876e-04 3.11657e-04 3.64004e-05 -6.96003e-06 9.32371e+04
5.56950e+02 8.20940e-03 9.99483e-02 1.17800e-01 6.27295e-03 -9.84019e-04 9.32371e+04
2.41210e+03 -1.02930e-03 1.33155e-06 1.52548e-06 4.85455e-07 -4.16310e-08 9.32371e+04
1.56720e+03 1.90170e-03 1.28042e-04 1.44849e-04 1.71612e-05 -1.49593e-06 9.32371e+04
8.48660e+02 2.13000e-02 1.01913e-02 1.19887e-02 6.79634e-04 -1.56797e-04 9.32371e+04
1.14080e+03 2.71890e-02 1.51962e-03 1.75798e-03 1.45417e-04 -4.77561e-05 9.32371e+04
1.37780e+03 9.99980e-01 9.09407e-04 9.97711e-04 9.19387e-05 -1.01345e-05 9.32371e+04
1.45190e+03 -6.73510e-03 2.47938e-04 2.80934e-04 2.92179e-05 -4.83690e-06 9.32371e+04
1.29760e+03 1.00000e+00 1.49838e-03 1.72949e-03 1.28589e-04 -4.78360e-05 9.32371e+04
2.01620e+03 -3.52760e-03 1.09172e-05 1.22581e-05 2.43571e-06 8.16054e-08 9.32371e+04
1.34900e+03 1.00000e+00 1.08037e-03 1.21612e-03 9.56449e-05 -9.23891e-06 9.32371e+04
8.15640e+02 1.79070e-03 1.30505e-02 1.50881e-02 1.09637e-03 2.46581e-04 9.32371e+04
7.60420e+02 1.00000e+00 4.83907e-02 5.85896e-02 3.02714e-03 -8.63042e-04 9.32371e+04
1.69480e+03 6.27130e-03 6.30498e-05 7.14256e-05 1.00676e-05 -1.37959e-06 9.32371e+04
5.04830e+02 3.57120e-01 1.51102e-01 1.79505e-01 8.21326e-03 -2.02114e-03 9.32371e+04
1.97260e+03 3.76790e-01 1.36317e-05 1.43411e-05 3.09865e-06 2.52626e-07 9.32371e+04
1.81280e+03 9.99980e-01 7.89509e-05 9.12257e-05 1.34841e-05 -2.40385e-06 9.32371e+04
7.51630e+02 -7.02520e-02 2.11731e-02 2.36642e-02 1.34560e-03 -7.24296e-04 9.32371e+04
3.02770e+02 1.00000e+00 3.91009e+00 4.59053e+00 1.92883e-01 -4.58965e-02 9.32371e+04
5.53790e+02 1.00000e+00 2.58798e-01 3.05895e-01 1.39090e-02 -3.78930e-03 9.32371e+04
5.38660e+02 1.00000e+00 3.03473e-01 3.49855e-01 1.34751e-02 -2.51498e-03 9.32371e+04
2.71410e+03 -1.02210e-02 2.80787e-07 3.05891e-07 1.59051e-07 -2.15942e-09 9.32371e+04
1.13980e+03 9.99980e-01 3.78033e-03 4.27760e-03 3.01741e-04 2.66573e-04 9.32371e+04
2.27850e+03 6.92510e-03 2.67119e-06 3.07579e-06 8.36503e-07 -2.07367e-07 9.32371e+04
7.41140e+02 9.99610e-01 5.48861e-02 6.63046e-02 3.28354e-03 7.12481e-04 9.32371e+04
2.90740e+03 4.11380e-03 1.06717e-07 1.19814e-07 6.82586e-08 -8.92032e-09 9.32371e+04
9.82900e+02 9.99970e-01 1.05722e-02 1.20722e-02 7.66556e-04 -8.96950e-04 9.32371e+04
3.54130e+02 9.99400e-01 1.96885e+00 2.34091e+00 9.25359e-02 -5.53324e-02 9.32371e+04
1.53640e+03 -1.35180e-03 1.54538e-04 1.77185e-04 2.06688e-05 -1.84768e-06 9.32371e+04
3.48200e+02 9.99530e-01 2.14568e+00 2.53694e+00 9.51300e-02 -1.56954e-02 9.32371e+04
1.88770e+03 2.73820e-02 2.25455e-05 2.55350e-05 4.60102e-06 2.56730e-07 9.32371e+04
2.02510e+02 4.83030e-03 6.65200e+00 8.25022e+00 3.07213e-01 1.60081e-01 9.32371e+04
1.39500e+03 6.75910e-02 3.34904e-04 3.89574e-04 3.74680e-05 1.39128e-06 9.32371e+04
7.45960e+02 9.99980e-01 5.38814e-02 6.39115e-02 3.21288e-03 9.84052e-04 9.32371e+04
1.81720e+03 -2.96250e-02 3.31449e-05 3.76310e-05 5.96176e-06 9.86225e-07 9.32371e+04
9.05570e+02 6.69180e-03 6.81955e-03 7.88220e-03 5.46917e-04 1.85622e-04 9.32371e+04
2.86930e+02 9.40660e-03 1.78979e+00 2.20413e+00 7.07175e-02 -2.22248e-02 9.32371e+04
3.01440e+02 5.80030e-04 1.48454e+00 1.81267e+00 6.44881e-02 4.36099e-02 9.32371e+04
2.45150e+03 9.99730e-01 2.37701e-06 2.80721e-06 8.67587e-07 -1.10974e-07 9.32371e+04
1.59800e+02 -8.18410e-03 1.59037e+01 2.00437e+01 8.94477e-01 -3.32022e-01 9.32371e+04
2.82480e+03 9.99980e-01 3.57549e-07 4.05338e-07 1.79480e-07 -1.75907e-08 9.32371e+04
1.53650e+03 9.99590e-01 3.75835e-04 4.18700e-04 3.82437e-05 -1.26035e-05 9.32371e+04
2.65620e+03 9.99990e-01 8.59694e-07 9.43801e-07 3.96718e-07 -3.35383e-08 9.32371e+04
2.57600e+03 2.26980e-03 5.84101e-07 6.13349e-07 2.55120e-07 1.83242e-08 9.32371e+04
2.10950e+03 9.99970e-01 1.51442e-05 1.66243e-05 3.92284e-06 -9.72808e-07 9.32371e+04
1.81910e+03 1.59830e-03 3.16415e-05 3.71173e-05 6.29731e-06 -1.99912e-06 9.32371e+04
3.12240e+03 3.63480e-02 3.66169e-08 4.02039e-08 2.47440e-08 -3.13537e-09 9.32371e+04
2.61060e+03 2.84370e-02 4.84359e-07 5.16025e-07 2.42228e-07 -4.51436e-08 9.32371e+04
8.79510e+02 9.99980e-01 2.10354e-02 2.45586e-02 1.42633e-03 1.18630e-03 9.32371e+04
2.43770e+03 -1.22120e-02 1.19413e-06 1.28583e-06 4.58996e-07 -5.89172e-08 9.32371e+04
3.02950e+02 -6.24700e-03 1.47356e+00 1.75287e+00 6.48810e-02 1.74586e-02 9.32371e+04
2.91110e+03 -4.46670e-03 1.07054e-07 1.12181e-07 6.58849e-08 -1.11111e-08 9.32371e+04
3.10260e+02 2.24130e-02 1.32677e+00 1.61650e+00 6.39335e-02 7.37666e-02 9.32371e+04
1.09590e+03 9.99980e-01 5.08825e-03 5.73358e-03 3.94709e-04 -3.74554e-04 9.32371e+04
2.41670e+03 9.84160e-01 2.95252e-06 3.23869e-06 1.05644e-06 6.41016e-08 9.32371e+04
1.48350e+03 1.89320e-02 2.03904e-04 2.29878e-04 2.83445e-05 -1.19941e-05 9.32371e+04
2.61100e+03 1.57690e-04 4.82895e-07 5.35790e-07 2.31928e-07 -5.26780e-08 9.32371e+04
9.58040e+02 9.99850e-01 1.22635e-02 1.38078e-02 1.03235e-03 -7.02087e-04 9.32371e+04
1.53490e+03 9.99980e-01 3.70418e-04 4.03468e-04 4.06504e-05 9.88383e-07 9.32371e+04
6.11700e+02 1.00000e+00 1.56694e-01 1.81807e-01 6.20325e-03 6.90623e-04 9.32371e+04
2.25190e+03 5.20480e-04 3.23458e-06 3.64043e-06 9.62094e-07 -2.88232e-08 9.32371e+04
2.47930e+03 1.69470e-02 9.42080e-07 1.06931e-06 3.73207e-07 -4.02628e-08 9.32371e+04
3.95820e+02 8.05770e-03 4.90846e-01 5.71921e-01 1.94003e-02 -5.39387e-03 9.32371e+04
8.17260e+02 4.39090e-03 1.28349e-02 1.45624e-02 1.05694e-03 2.51778e-04 9.32371e+04
8.40450e+02 9.98490e-01 2.58618e-02 3.19736e-02 1.70531e-03 -3.52555e-04 9.32371e+04
2.39610e+03 -1.09840e-03 1.49177e-06 1.63993e-06 5.33412e-07 -1.29129e-07 9.32371e+04
1.20500e+03 -2.90790e-02 1.05000e-03 1.17953e-03 9.66340e-05 9.76718e-06 9.32371e+04
1.07580e+03 9.99960e-01 5.85461e-03 6.47719e-03 4.09477e-04 -4.64946e-05 9.32371e+04
2.34510e+03 9.99990e-01 4.48476e-06 4.70818e-06 1.48962e-06 -3.39742e-07 9.32371e+04
9.53510e+02 1.00000e+00 1.26913e-02 1.46356e-02 9.28925e-04 -3.48296e-04 9.32371e+04
1.22040e+03 9.99460e-01 2.25971e-03 2.71522e-03 2.24521e-04 -3.05374e-05 9.32371e+04
4.51350e+02 1.05190e-02 2.62398e-01 3.35193e-01 1.54168e-02 -6.43559e-03 9.32371e+04
1.38770e+03 9.97840e-01 8.60358e-04 9.87837e-04 8.64092e-05 -2.89243e-05 9.32371e+04
2.02940e+03 4.48770e-03 1.03713e-05 1.17422e-05 2.43145e-06 -8.09114e-08 9.32371e+04
1.21070e+03 2.08410e-01 9.81683e-04 1.15700e-03 8.87090e-05 -7.67356e-06 9.32371e+04
9.31760e+02 -2.22860e-03 5.83354e-03 6.73730e-03 5.13924e-04 -1.08218e-04 9.32371e+04
2.02730e+03 -4.68790e-02 1.02946e-05 1.14956e-05 2.52339e-06 -7.83574e-07 9.32371e+04
1.10350e+03 1.77490e-03 1.98366e-03 2.18625e-03 1.35453e-04 -3.60111e-05 9.32371e+04
1.19700e+03 9.99990e-01 2.74959e-03 3.04424e-03 2.31143e-04 -7.45361e-05 9.32371e+04
1.43440e+03 1.00000e+00 6.63915e-04 7.44970e-04 6.22717e-05 5.07219e-06 9.32371e+04
9.74360e+02 6.90970e-02 4.43409e-03 5.33345e-03 3.25838e-04 1.00025e-04 9.32371e+04
4.83130e+02 1.00000e+00 5.04920e-01 6.03293e-01 2.47039e-02 -1.57324e-03 9.32371e+04
4.15970e+02 -4.61780e-03 3.91089e-01 4.79373e-01 1.66986e-02 6.05977e-03 9.32371e+04
2.72560e+03 -5.74380e-01 2.74189e-07 3.02206e-07 1.69325e-07 -5.59258e-09 9.32371e+04
1.92030e+03 2.50320e-02 1.90456e-05 2.06226e-05 3.82090e-06 -4.58747e-07 9.32371e+04
1.49050e+03 5.70400e-03 1.93415e-04 2.24377e-04 2.31789e-05 -7.56621e-07 9.32371e+04
1.04430e+03 5.59810e-02 2.85167e-03 3.32691e-03 2.12044e-04 -9.96679e-05 9.32371e+04
7.67890e+02 6.01660e-03 1.81030e-02 2.26395e-02 1.39466e-03 5.78653e-04 9.32371e+04
1.23720e+03 3.32860e-01 8.13784e-04 9.05504e-04 8.09672e-05 1.32614e-05 9.32371e+04
6.50160e+02 8.81470e-01 8.16794e-02 9.56967e-02 4.41538e-03 2.30769e-03 9.32371e+04
1.61710e+03 1.00000e+00 2.34553e-04 2.63265e-04 3.02719e-05 2.42175e-06 9.32371e+04
1.77180e+03 1.14990e-03 4.03139e-05 4.62768e-05 7.63487e-06 -4.84408e-07 9.32371e+04
9.20440e+02 9.99990e-01 1.57884e-02 1.92369e-02 1.29100e-03 -3.15727e-05 9.32371e+04
1.51660e+03 -2.73810e-02 1.71560e-04 2.02096e-04 2.20936e-05 -5.62117e-06 9.32371e+04
1.67610e+03 -5.89010e-04 6.97568e-05 8.03472e-05 1.07410e-05 -1.28836e-06 9.32371e+04
1.10820e+03 1.22720e-03 1.86071e-03 2.20340e-03 1.58948e-04 -1.39896e-04 9.32371e+04
9.08500e+02 1.49840e-01 6.95227e-03 7.90894e-03 5.00092e-04 -6.04167e-04 9.32371e+04
1.62550e+03 9.99870e-01 2.19496e-04 2.42391e-04 2.81996e-05 -2.14829e-05 9.32371e+04
1.94770e+03 9.99620e-01 3.65347e-05 4.13396e-05 7.16069e-06 7.00343e-07 9.32371e+04
3.13030e+03 9.78220e-01 7.45127e-08 8.32734e-08 3.99216e-08 -5.74837e-09 9.32371e+04
1.19390e+03 9.99990e-01 2.86241e-03 3.22457e-03 2.13603e-04 -4.06260e-05 9.32371e+04
1.36600e+03 9.98480e-01 9.82183e-04 1.09115e-03 9.30905e-05 -7.20930e-06 9.32371e+04
2.94450e+03 -3.67390e-01 8.42867e-08 9.25367e-08 6.48805e-08 -1.57247e-09 9.32371e+04
2.89870e+03 3.64580e-01 1.06923e-07 1.21009e-07 7.42178e-08 -7.36943e-09 9.32371e+04
1.10210e+03 9.99850e-01 4.94231e-03 5.48551e-03 3.90808e-04 -2.65513e-04 9.32371e+04
2.42990e+02 9.99300e-01 9.08314e+00 1.12292e+01 4.52438e-01 -2.15331e-01 9.32371e+04
7.05700e+02 9.99990e-01 7.30681e-02 8.74086e-02 4.35206e-03 -1.84049e-03 9.32371e+04
2.17970e+03 1.00000e+00 1.06044e-05 1.23331e-05 2.99364e-06 -2.94605e-07 9.32371e+04
2.39650e+03 9.89480e-01 3.24386e-06 3.51020e-06 1.06936e-06 -1.59543e-07 9.32371e+04
1.70700e+03 9.99990e-01 1.38073e-04 1.64056e-04 2.09851e-05 -5.12908e-06 9.32371e+04
2.37240e+03 9.99950e-01 3.89866e-06 4.23437e-06 1.38347e-06 -8.08148e-08 9.32371e+04
3.02530e+03 -1.03540e-01 5.72499e-08 6.25238e-08 3.69966e-08 -3.92695e-09 9.32371e+04
3.95580e+02 1.49420e-02 4.91045e-01 5.86050e-01 2.06046e-02 7.56922e-03 9.32371e+04
1.90330e+03 9.99950e-01 4.86024e-05 5.20802e-05 8.50486e-06 -8.94908e-07 9.32371e+04
1.95710e+03 -8.98590e-02 1.53380e-05 1.68824e-05 3.23256e-06 4.00423e-09 9.32371e+04
6.36230e+02 -3.93280e-02 5.00819e-02 6.01998e-02 2.97651e-03 8.75921e-04 9.32371e+04
1.03920e+03 5.72970e-03 2.77926e-03 3.29566e-03 2.33242e-04 2.86228e-05 9.32371e+04
1.32110e+03 1.88880e-03 5.16039e-04 6.10033e-04 5.93624e-05 -1.01625e-05 9.32371e+04
2.10260e+03 1.00000e+00 1.63469e-05 1.86720e-05 4.02111e-06 -4.80046e-07 9.32371e+04
2.43900e+03 1.32190e-02 1.20845e-06 1.36979e-06 4.33009e-07 -8.51511e-08 9.32371e+04
2.40580e+03 -1.43860e-02 1.41730e-06 1.54363e-06 5.25775e-07 -3.36598e-08 9.32371e+04
3.21260e+02 -1.94290e-02 1.13693e+00 1.39359e+00 5.37329e-02 -1.47877e-02 9.32371e+04
1.20580e+03 3.03270e-03 1.08823e-03 1.15535e-03 1.00931e-04 -4.72143e-05 9.32371e+04
4.57280e+02 -6.36320e-02 2.46159e-01 2.90327e-01 1.20192e-02 -7.35978e-03 9.32371e+04
2.06750e+03 6.53090e-02 8.16457e-06 9.50388e-06 2.07561e-06 1.50042e-08 9.32371e+04
1.17310e+03 9.99990e-01 3.04806e-03 3.45361e-03 2.43294e-04 4.15273e-05 9.32371e+04
2.36710e+03 -7.20170e-02 1.78974e-06 1.90365e-06 5.95417e-07 -3.86455e-08 9.32371e+04
1.03190e+03 9.49390e-03 3.12086e-03 3.35084e-03 2.46515e-04 -1.17795e-04 9.32371e+04
8.21470e+02 1.08900e-02 1.27581e-02 1.51026e-02 9.61138e-04 -3.34714e-04 9.32371e+04
1.08710e+03 -3.20300e-02 2.18594e-03 2.51428e-03 1.59150e-04 1.07518e-05 9.32371e+04
1.53440e+03 -4.97680e-03 1.60756e-04 1.76552e-04 2.06419e-05 -1.17117e-05 9.32371e+04
1.11260e+03 9.99990e-01 4.42901e-03 5.04127e-03 3.22388e-04 -1.07910e-04 9.32371e+04
2.34740e+03 4.54920e-03 1.94405e-06 2.13218e-06 6.84625e-07 -2.49504e-08 9.32371e+04
2.25130e+03 -8.36960e-03 3.21260e-06 3.41101e-06 1.00325e-06 -1.63351e-07 9.32371e+04
1.25300e+03 -1.28040e-03 8.05537e-04 8.86729e-04 8.25401e-05 -3.46049e-05 9.32371e+04
5.19460e+02 -2.82920e-03 1.39845e-01 1.60908e-01 6.36278e-03 -2.83849e-03 9.32371e+04
1.76620e+03 9.99990e-01 1.03010e-04 1.14002e-04 1.81238e-05 -3.66674e-06 9.32371e+04
1.50640e+03 9.99990e-01 4.37777e-04 4.94653e-04 4.69340e-05 -1.58784e-06 9.32371e+04
1.53420e+03 9.99980e-01 3.55736e-04 4.12706e-04 4.75382e-05 3.14985e-06 9.32371e+04
1.96740e+03 9.99990e-01 3.45213e-05 3.63307e-05 6.56237e-06 -1.75869e-06 9.32371e+04
1.81280e+03 6.36910e-03 3.30038e-05 3.79212e-05 6.10055e-06 5.71993e-08 9.32371e+04
2.03840e+03 1.00000e+00 2.24789e-05 2.44025e-05 5.65475e-06 4.47824e-08 9.32371e+04
8.28280e+02 9.89560e-01 2.94873e-02 3.36952e-02 1.84214e-03 2.13187e-04 9.32371e+04
2.44000e+03 1.26670e-02 1.19049e-06 1.23703e-06 4.39377e-07 -3.26871e-08 9.32371e+04
2.91170e+03 9.99250e-01 2.30147e-07 2.57179e-07 1.24440e-07 -7.59829e-09 9.32371e+04
2.51880e+03 1.87370e-02 8.17518e-07 8.68596e-07 3.35161e-07 -6.40384e-08 9.32371e+04
1.04220e+03 9.99840e-01 6.99625e-03 8.37043e-03 6.04095e-04 -3.92860e-04 9.32371e+04
7.68220e+02 1.00000e+00 4.44318e-02 5.32986e-02 2.60212e-03 -8.29904e-05 9.32371e+04
2.22790e+03 -1.14840e-03 3.54162e-06 3.91166e-06 1.10504e-06 -1.51565e-07 9.32371e+04
9.62550e+02 4.20420e-03 4.81540e-03 5.37510e-03 4.40159e-04 -2.44438e-04 9.32371e+04
3.17910e+02 9.99940e-01 3.11648e+00 3.73432e+00 1.27160e-01 7.47141e-02 9.32371e+04
5.88030e+02 -1.08550e-02 7.53432e-02 8.84387e-02 4.10621e-03 1.93599e-03 9.32371e+04
6.07960e+02 9.98270e-01 1.65281e-01 1.85091e-01 9.20131e-03 4.41269e-04 9.32371e+04
1.38560e+03 2.07890e-03 3.57598e-04 4.16480e-04 4.45753e-05 -3.87878e-06 9.32371e+04
5.17470e+02 -8.76040e-02 1.41878e-01 1.67947e-01 6.63233e-03 8.81592e-04 9.32371e+04
2.76480e+03 9.99990e-01 4.79555e-07 5.57504e-07 2.17124e-07 -7.57179e-09 9.32371e+04
3.03110e+02 9.96800e-01 3.69623e+00 4.35700e+00 1.66298e-01 4.82460e-02 9.32371e+04
1.10350e+03 9.99990e-01 5.12201e-03 5.42080e-03 3.88222e-04 -1.05408e-05 9.32371e+04
7.10800e+02 1.16140e-03 2.75715e-02 3.26781e-02 1.99847e-03 9.99776e-04 9.32371e+04
1.17920e+03 1.00000e+00 2.96973e-03 3.44271e-03 2.33449e-04 -7.30521e-05 9.32371e+04
1.70920e+03 -2.09610e-02 5.78813e-05 6.51791e-05 9.80532e-06 2.93058e-06 9.32371e+04
4.09470e+02 -1.29720e-01 4.23131e-01 4.79348e-01 1.81446e-02 -1.00216e-02 9.32371e+04
7.81440e+02 2.44720e-03 1.68293e-02 1.91537e-02 1.28792e-03 -2.76622e-04 9.32371e+04
3.48660e+02 1.00000e+00 2.09621e+00 2.48385e+00 9.24414e-02 -3.26826e-03 9.32371e+04
2.15860e+03 7.67880e-04 5.16092e-06 5.67311e-06 1.46362e-06 -6.46042e-08 9.32371e+04
2.34620e+03 -2.41020e-03 1.95611e-06 2.17615e-06 6.65029e-07 -4.94088e-08 9.32371e+04
6.48730e+02 2.48370e-02 4.68457e-02 5.32409e-02 2.67104e-03 -1.60380e-04 9.32371e+04
1.50890e+03 -2.72600e-03 1.75413e-04 2.04101e-04 2.40113e-05 -3.12701e-06 9.32371e+04
7.28620e+02 9.99910e-01 5.90877e-02 7.19587e-02 3.39553e-03 -2.91927e-03 9.32371e+04
1.14240e+03 9.99990e-01 3.65373e-03 4.13999e-03 2.82754e-04 -3.57910e-05 9.32371e+04
1.47900e+03 9.95950e-01 5.09412e-04 5.83683e-04 5.00437e-05 -7.89391e-06 9.32371e+04
2.66990e+03 -1.68600e-02 3.56718e-07 3.94147e-07 1.76629e-07 -7.63191e-09 9.32371e+04
6.36080e+02 1.00000e+00 1.31298e-01 1.51025e-01 6.58188e-03 2.28348e-04 9.32371e+04
2.33250e+03 9.99970e-01 4.55144e-06 5.34416e-06 1.53299e-06 -3.27509e-07 9.32371e+04
1.46150e+03 9.99880e-01 5.53437e-04 6.48615e-04 6.14314e-05 -5.78015e-07 9.32371e+04
9.14440e+02 9.99700e-01 1.62092e-02 1.95026e-02 1.26506e-03 -8.15377e-05 9.32371e+04
2.03150e+03 4.86680e-03 1.06406e-05 1.15520e-05 2.37798e-06 1.39034e-07 9.32371e+04
1.05010e+03 1.65110e-03 2.84397e-03 3.02016e-03 1.88727e-04 8.01928e-05 9.32371e+04
7.11340e+02 7.87270e-02 2.82508e-02 3.27596e-02 1.65208e-03 -1.25893e-03 9.32371e+04
1.04760e+03 -9.37300e-03 2.79512e-03 3.13969e-03 2.12382e-04 9.83603e-05 9.32371e+04
1.41180e+03 1.81550e-02 3.12811e-04 3.57104e-04 4.04251e-05 -4.34699e-06 9.32371e+04
1.99120e+03 9.99990e-01 2.96014e-05 3.37738e-05 6.13956e-06 -1.72049e-06 9.32371e+04
1.96490e+03 9.99990e-01 3.47632e-05 3.81023e-05 6.78823e-06 3.51550e-07 9.32371e+04
6.48870e+02 9.99980e-01 1.15116e-01 1.37366e-01 6.45416e-03 3.92598e-03 9.32371e+04
1.21530e+03 1.00000e+00 2.37126e-03 2.86553e-03 1.92821e-04 7.66542e-05 9.32371e+04
6.18660e+02 -7.80220e-04 5.90317e-02 7.08451e-02 3.42828e-03 -1.03639e-03 9.32371e+04
1.38470e+03 -1.08290e-01 3.71908e-04 4.03828e-04 3.96856e-05 2.54109e-06 9.32371e+04
1.95000e+03 9.98630e-01 3.67219e-05 4.01376e-05 7.50216e-06 -2.67898e-07 9.32371e+04
2.40160e+03 -9.19030e-03 1.41657e-06 1.58357e-06 5.18750e-07 -1.84852e-08 9.32371e+04
1.64830e+03 9.99990e-01 1.90463e-04 2.22326e-04 2.88551e-05 -3.27308e-07 9.32371e+04
9.40720e+02 2.64380e-04 5.60852e-03 6.38845e-03 3.90911e-04 1.04041e-04 9.32371e+04
1.20890e+03 -1.78820e-03 1.02740e-03 1.13475e-03 8.94914e-05 -6.62128e-05 9.32371e+04
3.38470e+03 9.95470e-01 2.39481e-08 2.49750e-08 1.24015e-08 -1.81910e-09 9.32371e+04
1.13910e+03 9.98530e-01 3.80420e-03 4.35640e-03 2.93830e-04 -8.75968e-05 9.32371e+04
1.02380e+03 -2.67130e-04 3.31992e-03 3.69832e-03 2.54096e-04 -8.66833e-05 9.32371e+04
1.53060e+03 3.92870e-02 1.51490e-04 1.76166e-04 2.21843e-05 -8.09760e-06 9.32371e+04
1.02370e+03 8.29640e-04 3.27737e-03 3.67287e-03 2.27989e-04 -7.40303e-05 9.32371e+04
2.66870e+03 1.00000e+00 8.01049e-07 8.68935e-07 3.28365e-07 -3.33793e-08 9.32371e+04
1.39270e+03 2.54380e-03 3.46697e-04 4.02141e-04 3.60988e-05 -2.46634e-05 9.32371e+04
2.97060e+03 -4.17740e-02 7.57192e-08 8.64498e-08 4.88820e-08 -5.95899e-09 9.32371e+04
1.37240e+03 9.91740e-01 9.59021e-04 1.04803e-03 9.04043e-05 -4.78065e-05 9.32371e+04
1.12710e+03 9.99790e-01 4.12338e-03 4.71138e-03 3.12008e-04 -2.86236e-04 9.32371e+04
1.09130e+03 3.13060e-03 2.08748e-03 2.44712e-03 1.85697e-04 -5.22559e-05 9.32371e+04
1.77930e+02 -1.65960e-02 1.09819e+01 1.36526e+01 5.14892e-01 1.65807e-01 9.32371e+04
4.43670e+02 9.99750e-01 7.46889e-01 8.77403e-01 3.72703e-02 1.07648e-02 9.32371e+04
2.26030e+03 1.00000e+00 7.22795e-06 7.48510e-06 2.12539e-06 -5.72097e-07 9.32371e+04
2.60510e+03 5.44380e-04 4.89611e-07 5.56362e-07 2.32767e-07 -2.43748e-08 9.32371e+04
1.92530e+03 9.99930e-01 4.31664e-05 4.56483e-05 7.97695e-06 -2.50315e-06 9.32371e+04
6.60210e+02 9.99540e-01 1.06310e-01 1.28008e-01 6.15731e-03 -1.40132e-03 9.32371e+04
1.57100e+03 9.99980e-01 2.94726e-04 3.36330e-04 3.73268e-05 -9.65034e-06 9.32371e+04
1.53270e+03 4.69520e-03 1.56541e-04 1.66525e-04 1.99121e-05 -9.79798e-08 9.32371e+04
6.04500e+02 -1.83900e-03 6.96943e-02 8.09870e-02 3.55007e-03 -1.61044e-03 9.32371e+04
4.17460e+02 4.15500e-02 3.88009e-01 4.58372e-01 1.60265e-02 4.44395e-03 9.32371e+04
1.61120e+03 9.99980e-01 2.38714e-04 2.64294e-04 3.08065e-05 -4.92604e-06 9.32371e+04
2.96400e+03 -7.14120e-03 8.25963e-08 8.76633e-08 5.21488e-08 -5.60470e-09 9.32371e+04
1.32490e+03 1.00000e+00 1.21743e-03 1.43298e-03 1.02593e-04 1.77961e-05 9.32371e+04
2.62870e+03 1.76520e-03 4.32018e-07 4.88583e-07 2.16700e-07 -7.77158e-09 9.32371e+04
3.36800e+02 9.99980e-01 2.43625e+00 2.93375e+00 9.95669e-02 -4.79205e-02 9.32371e+04
4.31980e+02 1.00000e+00 8.36403e-01 9.78191e-01 4.37962e-02 8.50310e-03 9.32371e+04
1.98990e+03 -3.17930e-02 1.30982e-05 1.44466e-05 2.92193e-06 5.15978e-08 9.32371e+04
3.06840e+03 -2.67580e-01 4.47697e-08 5.12944e-08 4.08729e-08 -5.27388e-09 9.32371e+04
3.74950e+02 9.99980e-01 1.54512e+00 1.87330e+00 6.21812e-02 -1.24928e-02 9.32371e+04
4.60320e+02 9.97530e-01 6.13346e-01 7.44119e-01 2.70942e-02 -1.79534e-03 9.32371e+04
3.89080e+02 7.57110e-03 5.13092e-01 6.20204e-01 2.18129e-02 1.09803e-02 9.32371e+04
1.66370e+03 1.00000e+00 1.67733e-04 1.98177e-04 2.45961e-05 -5.85498e-06 9.32371e+04
5.68960e+02 1.00000e+00 2.23958e-01 2.58089e-01 1.20588e-02 -7.45246e-03 9.32371e+04
1.88490e+03 9.99980e-01 5.36053e-05 5.73487e-05 1.00666e-05 -4.19656e-06 9.32371e+04
6.73300e+02 1.00000e+00 9.86189e-02 1.10628e-01 5.16680e-03 -7.74702e-04 9.32371e+04
1.42260e+03 2.41460e-03 2.86309e-04 3.23800e-04 3.39617e-05 2.62672e-08 9.32371e+04
1.35590e+03 9.99870e-01 1.08847e-03 1.15553e-03 1.07862e-04 -2.73222e-05 9.32371e+04
1.93550e+03 -1.95120e-02 1.68920e-05 1.93764e-05 3.87535e-06 -1.41913e-06 9.32371e+04
7.81800e+02 1.00000e+00 4.21520e-02 4.76881e-02 2.88491e-03 1.40474e-03 9.32371e+04
6.36380e+02 -2.02970e-03 5.04846e-02 5.84494e-02 3.46682e-03 -9.65535e-04 9.32371e+04
9.12580e+02 9.99870e-01 1.61170e-02 1.85284e-02 1.21936e-03 -2.86581e-04 9.32371e+04
2.15860e+03 4.06190e-02 5.25391e-06 5.73463e-06 1.44874e-06 -3.92746e-08 9.32371e+04
9.95690e+02 9.47440e-03 4.00573e-03 4.51318e-03 3.17547e-04 -2.45269e-05 9.32371e+04
1.17220e+03 1.00000e+00 3.25361e-03 3.48749e-03 2.44236e-04 -9.46932e-05 9.32371e+04
1.26420e+03 1.00000e+00 1.79646e-03 2.07810e-03 1.52062e-04 7.61479e-05 9.32371e+04
2.06150e+03 -1.03900e-02 8.99441e-06 1.00178e-05 2.12242e-06 8.49327e-09 9.32371e+04
1.97100e+03 9.99680e-01 3.34605e-05 3.72371e-05 6.90627e-06 -2.45197e-07 9.32371e+04
2.43430e+02 1.00000e+00 8.77861e+00 1.08381e+01 3.32956e-01 3.33377e-01 9.32371e+04
1.52830e+03 3.22990e-02 1.62171e-04 1.76978e-04 2.11896e-05 -7.05055e-06 9.32371e+04
2.97690e+03 -2.22400e-01 7.38905e-08 8.08742e-08 5.69224e-08 -8.67702e-09 9.32371e+04
1.24710e+03 -3.15760e-01 7.75034e-04 8.62441e-04 7.94679e-05 -2.63587e-05 9.32371e+04
2.71440e+03 -6.33020e-03 2.87348e-07 3.07974e-07 1.50040e-07 -2.83673e-08 9.32371e+04
1.48040e+03 -7.29870e-03 2.00937e-04 2.29932e-04 2.51346e-05 3.83172e-06 9.32371e+04
2.57810e+03 3.63020e-02 5.76753e-07 6.42376e-07 2.72322e-07 -9.48409e-09 9.32371e+04
1.11540e+03 9.99970e-01 4.50029e-03 5.08564e-03 3.31262e-04 -2.12912e-04 9.32371e+04
4.18540e+02 9.99390e-01 9.65426e-01 1.11904e+00 4.19372e-02 -3.61257e-03 9.32371e+04
1.75960e+03 9.99920e-01 1.00478e-04 1.19720e-04 1.63855e-05 -3.07564e-07 9.32371e+04
2.06390e+03 9.98770e-01 1.96182e-05 2.14695e-05 4.89275e-06 -5.22745e-07 9.32371e+04
3.07010e+03 9.96590e-01 1.04859e-07 1.15767e-07 5.89830e-08 -1.04138e-08 9.32371e+04
1.76750e+03 -4.19350e-03 4.35154e-05 4.90093e-05 7.68943e-06 -1.86189e-06 9.32371e+04
2.93520e+03 9.99660e-01 2.04835e-07 2.28626e-07 1.13526e-07 -1.22394e-08 9.32371e+04
5.71390e+02 9.99240e-01 2.23439e-01 2.58747e-01 1.08973e-02 -1.33366e-03 9.32371e+04
1.54120e+03 1.00000e+00 3.59815e-04 4.04532e-04 4.23442e-05 -9.95109e-06 9.32371e+04
5.77890e+02 2.05000e-04 8.18902e-02 9.78452e-02 4.37148e-03 -2.32475e-03 9.32371e+04
5.77350e+02 1.32740e-02 8.20022e-02 9.87955e-02 4.26789e-03 -1.10377e-03 9.32371e+04
2.82110e+02 9.99920e-01 5.11186e+00 5.97513e+00 1.80934e-01 6.18291e-02 9.32371e+04
2.19670e+03 -7.73340e-02 4.32153e-06 4.73438e-06 1.21423e-06 -2.18220e-07 9.32371e+04
8.47070e+02 4.78580e-03 1.00858e-02 1.21034e-02 6.84770e-04 -4.01215e-05 9.32371e+04
2.77270e+03 9.99960e-01 4.77795e-07 5.08769e-07 2.19440e-07 -2.29881e-08 9.32371e+04
8.66300e+02 9.99980e-01 2.18908e-02 2.64377e-02 1.87957e-03 -1.69187e-03 9.32371e+04
1.29150e+03 -1.81870e-06 6.02676e-04 6.87596e-04 6.55920e-05 1.25735e-05 9.32371e+04
2.24280e+03 9.45330e-01 6.77699e-06 7.24437e-06 1.86473e-06 -3.30685e-07 9.32371e+04
3.89480e+02 1.00000e+00 1.31520e+00 1.56607e+00 5.79562e-02 -1.87133e-02 9.32371e+04
1.14900e+03 -1.65680e-03 1.39114e-03 1.68306e-03 1.43895e-04 -1.11218e-04 9.32371e+04
8.43820e+02 -2.32580e-02 1.05980e-02 1.20469e-02 7.82429e-04 -3.18274e-04 9.32371e+04
3.45600e+02 4.61340e-04 8.35358e-01 1.01431e+00 4.06122e-02 1.69577e-02 9.32371e+04
2.53790e+03 3.15950e-02 6.89800e-07 7.92171e-07 3.02348e-07 -2.53566e-08 9.32371e+04
9.01390e+02 1.00000e+00 1.81599e-02 2.00180e-02 1.26320e-03 -9.99787e-04 9.32371e+04
4.73340e+02 9.62570e-01 5.01467e-01 5.88470e-01 2.15933e-02 -7.45839e-03 9.32371e+04
2.32860e+03 2.05860e-03 2.09743e-06 2.29282e-06 7.08439e-07 -8.84007e-08 9.32371e+04
9.93540e+02 2.08030e-02 3.81256e-03 4.44930e-03 3.04364e-04 -1.84809e-04 9.32371e+04
2.27820e+03 1.00000e+00 6.32717e-06 6.77886e-06 1.93944e-06 -3.17166e-08 9.32371e+04
2.92550e+03 9.99690e-01 2.11115e-07 2.31309e-07 1.09191e-07 -1.02831e-08 9.32371e+04
9.02020e+02 1.30110e-03 7.29218e-03 8.03588e-03 5.32777e-04 1.83376e-04 9.32371e+04
1.23790e+03 -8.88370e-05 8.86015e-04 9.63148e-04 8.86968e-05 -3.84522e-05 9.32371e+04
9.78290e+02 -1.42670e-02 4.46005e-03 5.02154e-03 3.19473e-04 1.23563e-04 9.32371e+04
1.21570e+03 -7.18630e-02 9.74478e-04 1.08423e-03 9.40728e-05 -8.08541e-06 9.32371e+04
1.01630e+03 -4.32980e-03 3.40439e-03 3.94247e-03 2.51254e-04 7.90720e-05 9.32371e+04
1.59580e+03 1.00000e+00 2.59667e-04 2.91856e-04 3.53289e-05 -1.12644e-05 9.32371e+04
3.33450e+02 9.99990e-01 2.52115e+00 3.07285e+00 1.19720e-01 4.98278e-02 9.32371e+04
1.11200e+03 3.33840e-02 1.82976e-03 2.11723e-03 1.69213e-04 -7.89932e-06 9.32371e+04
1.75800e+03 9.99980e-01 1.09391e-04 1.15861e-04 1.62247e-05 -9.47785e-08 9.32371e+04
1.68010e+03 9.99980e-01 1.65848e-04 1.85448e-04 2.23515e-05 -2.20392e-06 9.32371e+04
1.86140e+03 2.86700e-03 2.51726e-05 2.85644e-05 5.03750e-06 -8.15203e-07 9.32371e+04
2.30080e+03 3.45950e-04 2.57657e-06 2.58981e-06 7.46361e-07 -6.09493e-08 9.32371e+04
9.27490e+02 -1.17920e-02 6.28006e-03 7.20537e-03 5.12284e-04 6.94324e-05 9.32371e+04
1.18050e+03 9.08860e-01 2.35920e-03 2.57598e-03 1.87050e-04 -6.05195e-05 9.32371e+04
2.35370e+03 -4.26820e-03 1.85091e-06 2.04806e-06 6.20456e-07 -8.35042e-08 9.32371e+04
1.39870e+03 -2.80220e-03 3.23096e-04 3.70565e-04 3.67155e-05 -1.16103e-05 9.32371e+04
2.22820e+03 9.99990e-01 8.23526e-06 9.26003e-06 2.39943e-06 -2.41706e-07 9.32371e+04
1.57780e+03 9.99900e-01 2.77796e-04 3.05923e-04 3.69486e-05 -2.23303e-06 9.32371e+04
1.31510e+03 -6.37170e-04 5.24570e-04 6.00193e-04 4.80907e-05 -7.61669e-07 9.32371e+04
3.12540e+03 9.98980e-01 7.87243e-08 8.72912e-08 4.39061e-08 -7.76681e-09 9.32371e+04
5.42800e+02 9.99990e-01 2.95943e-01 3.27410e-01 1.36971e-02 2.12393e-03 9.32371e+04
7.59550e+02 4.89260e-02 1.91815e-02 2.28279e-02 1.32496e-03 -7.17538e-04 9.32371e+04
7.92120e+02 -2.00890e-05 1.57049e-02 1.78509e-02 9.82910e-04 -9.63540e-05 9.32371e+04
2.03250e+03 1.03230e-02 1.01940e-05 1.12836e-05 2.40724e-06 1.68659e-11 9.32371e+04
2.38610e+03 9.99970e-01 3.56943e-06 3.79536e-06 1.23751e-06 -6.72495e-08 9.32371e+04
1.05620e+03 2.52950e-03 2.73230e-03 2.99211e-03 1.90637e-04 -9.53995e-05 9.32371e+04
1.00860e+03 9.61500e-01 7.86703e-03 9.22650e-03 6.32634e-04 8.21601e-05 9.32371e+04
1.25560e+02 9.99560e-01 1.01690e+02 1.27653e+02 5.18135e+00 -2.66676e+00 9.32371e+04
2.84610e+03 1.48810e-01 1.49060e-07 1.64928e-07 9.10621e-08 -8.07834e-09 9.32371e+04
2.01740e+03 9.99980e-01 2.57323e-05 2.93428e-05 6.17347e-06 1.78999e-07 9.32371e+04
8.72140e+02 1.00000e+00 2.21035e-02 2.42567e-02 1.64378e-03 1.26197e-03 9.32371e+04
2.72520e+03 9.99960e-01 6.00408e-07 6.51689e-07 2.63676e-07 -5.06217e-08 9.32371e+04
2.16860e+03 9.99880e-01 1.14726e-05 1.25845e-05 3.17087e-06 -2.24615e-07 9.32371e+04
1.98840e+02 9.99990e-01 1.93527e+01 2.35828e+01 1.07328e+00 -2.86376e-01 9.32371e+04
1.54620e+03 9.25720e-03 1.43487e-04 1.56551e-04 2.00234e-05 5.38445e-06 9.32371e+04
1.44920e+03 1.00000e+00 6.14813e-04 7.16586e-04 5.72452e-05 9.97583e-07 9.32371e+04
1.35660e+03 -1.99230e-02 4.14102e-04 4.93703e-04 4.42753e-05 -1.39411e-05 9.32371e+04
2.72610e+03 9.99880e-01 5.78558e-07 6.41966e-07 2.76551e-07 -6.08448e-08 9.32371e+04
1.79830e+03 5.08260e-03 3.49594e-05 3.89683e-05 6.19798e-06 1.22536e-08 9.32371e+04
2.10690e+03 -7.98060e-03 6.83146e-06 7.75400e-06 1.76740e-06 2.50938e-07 9.32371e+04
1.83620e+03 8.23050e-04 2.95219e-05 3.31084e-05 5.36137e-06 -2.01511e-06 9.32371e+04
4.61460e+02 7.07090e-04 2.44679e-01 2.85075e-01 9.09865e-03 -1.07580e-02 9.32371e+04
2.71820e+03 9.99860e-01 6.26574e-07 6.79737e-07 2.83197e-07 -6.62665e-08 9.32371e+04
7.94480e+02 -3.97530e-03 1.58161e-02 1.72263e-02 1.16400e-03 -3.71769e-04 9.32371e+04
5.05170e+02 3.62610e-03 1.59241e-01 1.93512e-01 8.40230e-03 -4.59854e-03 9.32371e+04
3.07220e+03 9.99970e-01 1.04209e-07 1.14167e-07 5.63933e-08 -8.82194e-09 9.32371e+04
9.96960e+02 1.00000e+00 9.19588e-03 1.06434e-02 7.43986e-04 2.41732e-04 9.32371e+04
