masses    LO_data    NLO_data
1.90000e+02 6.25000e-01 1.21192e+01 1.14554e+01
2.20000e+02 1.25000e-01 1.30165e+01 6.99820e+00
3.70000e+02 5.00000e-01 1.12051e+00 7.65118e-01
1.90000e+02 8.75000e-01 8.05166e+00 1.84777e+01
3.70000e+02 6.25000e-01 9.03364e-01 8.20860e-01
4.70000e+02 1.00000e+00 2.26386e-01 6.53083e-01
2.90000e+02 1.25000e-01 4.33177e+00 2.32679e+00
3.00000e+02 2.50000e-01 3.53107e+00 1.96435e+00
3.20000e+02 8.75000e-01 1.10211e+00 2.46170e+00
2.40000e+02 6.12323e-17 9.58208e+00 4.83118e+00
3.30000e+02 1.25000e-01 2.60310e+00 1.35181e+00
3.20000e+02 3.75000e-01 2.41650e+00 1.43226e+00
2.40000e+02 3.75000e-01 7.47073e+00 4.56729e+00
2.50000e+02 1.00000e+00 3.12045e+00 9.37929e+00
3.20000e+02 2.50000e-01 2.74187e+00 1.48570e+00
5.50000e+02 1.00000e+00 1.05691e-01 3.08154e-01
2.90000e+02 2.50000e-01 4.03586e+00 2.23288e+00
2.50000e+02 6.25000e-01 4.30480e+00 4.05041e+00
3.20000e+02 1.00000e+00 1.17815e+00 3.51117e+00
1.90000e+02 7.50000e-01 9.42998e+00 1.37311e+01
3.00000e+02 6.12323e-17 3.96765e+00 2.04288e+00
3.20000e+02 5.00000e-01 2.01772e+00 1.42384e+00
5.50000e+02 8.75000e-01 9.81919e-02 2.16401e-01
2.10000e+02 7.50000e-01 6.59566e+00 9.52793e+00
3.70000e+02 2.50000e-01 1.49414e+00 8.15988e-01
4.20000e+02 1.00000e+00 3.76422e-01 1.08145e+00
2.00000e+02 6.25000e-01 9.95216e+00 9.33418e+00
3.70000e+02 5.00000e-01 1.11327e+00 7.50119e-01
4.70000e+02 1.25000e-01 5.56444e-01 2.87790e-01
1.30000e+02 1.00000e+00 3.35668e+01 1.04589e+02
3.20000e+02 7.50000e-01 1.29614e+00 1.82220e+00
4.20000e+02 8.75000e-01 3.51155e-01 7.48144e-01
2.50000e+02 3.75000e-01 6.53588e+00 3.85918e+00
3.70000e+02 8.75000e-01 6.06667e-01 1.31220e+00
4.70000e+02 3.75000e-01 4.63467e-01 2.68179e-01
1.30000e+02 6.25000e-01 4.50711e+01 4.31426e+01
3.70000e+02 3.75000e-01 1.33004e+00 7.78914e-01
4.70000e+02 2.50000e-01 5.17485e-01 2.77491e-01
2.50000e+02 5.00000e-01 5.42384e+00 3.76398e+00
3.70000e+02 7.50000e-01 7.01622e-01 9.81613e-01
4.70000e+02 6.12323e-17 5.71899e-01 2.92949e-01
1.50000e+02 6.12323e-17 5.35324e+01 2.82555e+01
3.10000e+02 5.00000e-01 2.31968e+00 1.61831e+00
4.30000e+02 1.00000e+00 3.38062e-01 9.86709e-01
5.30000e+02 6.12323e-17 3.24543e-01 1.62260e-01
2.30000e+02 3.75000e-01 8.94168e+00 5.26343e+00
2.30000e+02 3.75000e-01 9.02499e+00 5.30379e+00
3.00000e+02 2.50000e-01 3.61653e+00 1.95328e+00
4.00000e+02 1.25000e-01 1.15140e+00 6.04121e-01
2.10000e+02 6.25000e-01 8.37171e+00 7.93567e+00
2.30000e+02 2.50000e-01 1.01564e+01 5.57722e+00
3.50000e+02 3.75000e-01 1.67847e+00 9.78264e-01
4.00000e+02 2.50000e-01 1.07295e+00 5.82796e-01
1.60000e+02 8.75000e-01 1.47774e+01 3.47466e+01
2.80000e+02 5.00000e-01 3.42784e+00 2.41630e+00
4.10000e+02 1.25000e-01 1.02431e+00 5.34706e-01
5.10000e+02 8.75000e-01 1.42127e-01 3.03856e-01
2.10000e+02 1.00000e+00 5.96954e+00 1.88206e+01
1.80000e+02 2.50000e-01 2.54434e+01 1.41798e+01
3.10000e+02 6.25000e-01 1.86060e+00 1.69197e+00
4.10000e+02 1.25000e-01 1.03023e+00 5.33709e-01
1.30000e+02 6.12323e-17 8.96503e+01 4.80999e+01
2.30000e+02 6.25000e-01 5.95983e+00 5.61655e+00
4.10000e+02 6.12323e-17 1.05592e+00 5.37755e-01
3.60000e+02 1.25000e-01 1.83401e+00 9.47360e-01
1.50000e+02 2.50000e-01 4.78785e+01 2.69494e+01
3.70000e+02 1.00000e+00 6.46650e-01 1.87714e+00
4.70000e+02 7.50000e-01 2.44228e-01 3.39715e-01
1.30000e+02 8.75000e-01 2.98303e+01 7.28392e+01
2.00000e+02 2.50000e-01 1.71809e+01 9.58502e+00
2.80000e+02 5.00000e-01 3.55410e+00 2.44229e+00
5.10000e+02 6.25000e-01 2.14817e-01 1.91128e-01
1.00000e+02 2.50000e-01 1.98226e+02 1.13577e+02
3.00000e+02 8.75000e-01 1.42587e+00 3.13440e+00
3.30000e+02 1.00000e+00 1.04408e+00 3.02843e+00
4.60000e+02 5.00000e-01 4.28308e-01 2.96373e-01
1.80000e+02 6.25000e-01 1.50623e+01 1.38265e+01
2.00000e+02 6.25000e-01 9.94520e+00 9.54308e+00
2.80000e+02 8.75000e-01 1.89226e+00 4.15162e+00
5.10000e+02 7.50000e-01 1.69754e-01 2.29140e-01
2.20000e+02 3.75000e-01 1.06497e+01 6.28183e+00
3.20000e+02 1.00000e+00 1.16976e+00 3.51544e+00
3.70000e+02 8.75000e-01 5.97159e-01 1.31789e+00
1.50000e+02 6.25000e-01 2.82124e+01 2.68223e+01
3.70000e+02 1.25000e-01 1.61671e+00 8.39880e-01
4.20000e+02 2.50000e-01 8.54077e-01 4.63054e-01
2.70000e+02 1.25000e-01 5.87563e+00 3.08987e+00
3.20000e+02 8.75000e-01 1.11087e+00 2.45250e+00
4.20000e+02 6.12323e-17 9.67198e-01 4.91150e-01
1.20000e+02 8.75000e-01 3.84800e+01 9.46814e+01
2.40000e+02 3.75000e-01 7.59039e+00 4.61238e+00
3.40000e+02 6.12323e-17 2.38950e+00 1.24770e+00
2.70000e+02 8.75000e-01 2.17458e+00 4.84103e+00
2.40000e+02 5.00000e-01 6.32875e+00 4.43240e+00
3.40000e+02 2.50000e-01 2.16028e+00 1.16279e+00
2.30000e+02 6.25000e-01 5.99679e+00 5.64951e+00
2.40000e+02 6.12323e-17 9.38455e+00 5.05243e+00
4.70000e+02 5.00000e-01 3.89419e-01 2.64829e-01
1.20000e+02 7.50000e-01 4.69398e+01 7.00557e+01
2.40000e+02 6.25000e-01 5.04134e+00 4.75772e+00
3.40000e+02 6.25000e-01 1.25964e+00 1.17525e+00
1.30000e+02 5.00000e-01 5.88329e+01 4.14961e+01
2.40000e+02 7.50000e-01 3.93125e+00 5.56199e+00
3.40000e+02 5.00000e-01 1.54716e+00 1.10734e+00
1.70000e+02 3.75000e-01 2.69391e+01 1.68486e+01
2.40000e+02 8.75000e-01 3.40854e+00 7.56813e+00
3.40000e+02 7.50000e-01 1.00851e+00 1.40043e+00
1.70000e+02 6.12323e-17 3.41490e+01 1.84913e+01
2.40000e+02 1.25000e-01 9.44090e+00 5.05743e+00
4.70000e+02 6.25000e-01 3.10826e-01 2.83484e-01
1.00000e+02 3.75000e-01 1.69451e+02 1.08272e+02
2.40000e+02 1.00000e+00 3.63233e+00 1.10481e+01
3.40000e+02 3.75000e-01 1.88667e+00 1.12021e+00
1.00000e+02 5.00000e-01 1.44175e+02 1.03392e+02
2.90000e+02 6.12323e-17 4.47380e+00 2.37019e+00
3.40000e+02 1.25000e-01 2.30721e+00 1.21462e+00
1.70000e+02 1.00000e+00 1.29911e+01 4.09198e+01
3.10000e+02 6.12323e-17 3.47954e+00 1.79644e+00
4.10000e+02 3.75000e-01 8.56278e-01 4.96893e-01
4.80000e+02 6.25000e-01 2.82303e-01 2.55898e-01
1.80000e+02 7.50000e-01 1.14691e+01 1.64946e+01
3.30000e+02 6.12323e-17 2.66690e+00 1.39419e+00
3.80000e+02 6.25000e-01 7.92455e-01 7.26622e-01
5.30000e+02 7.50000e-01 1.43626e-01 1.89381e-01
2.00000e+02 1.25000e-01 1.85820e+01 9.90641e+00
2.00000e+02 1.25000e-01 1.85987e+01 9.86756e+00
3.50000e+02 7.50000e-01 8.93444e-01 1.24264e+00
4.00000e+02 8.75000e-01 4.37479e-01 9.52105e-01
1.00000e+02 1.00000e+00 8.23449e+01 2.66837e+02
2.20000e+02 2.50000e-01 1.19109e+01 6.67529e+00
4.50000e+02 7.50000e-01 3.01128e-01 4.16222e-01
5.00000e+02 1.00000e+00 1.66467e-01 4.87639e-01
2.40000e+02 7.50000e-01 3.95326e+00 5.72084e+00
2.60000e+02 1.00000e+00 2.66588e+00 8.05482e+00
2.60000e+02 6.12323e-17 7.03276e+00 3.65385e+00
4.90000e+02 5.00000e-01 3.10802e-01 2.16182e-01
1.40000e+02 7.50000e-01 2.71298e+01 4.09206e+01
2.20000e+02 3.75000e-01 1.06769e+01 6.33693e+00
4.50000e+02 5.00000e-01 4.69648e-01 3.17887e-01
5.00000e+02 8.75000e-01 1.60126e-01 3.38681e-01
1.70000e+02 6.25000e-01 1.82774e+01 1.68384e+01
3.50000e+02 7.50000e-01 8.93017e-01 1.26010e+00
4.50000e+02 6.25000e-01 3.83991e-01 3.45575e-01
5.00000e+02 3.75000e-01 3.46774e-01 2.00771e-01
1.20000e+02 6.12323e-17 1.16173e+02 6.33864e+01
2.50000e+02 1.25000e-01 7.86424e+00 4.23442e+00
4.00000e+02 6.12323e-17 1.17960e+00 6.06764e-01
4.50000e+02 1.25000e-01 6.81521e-01 3.51201e-01
2.70000e+02 6.12323e-17 6.00208e+00 3.08849e+00
2.50000e+02 8.75000e-01 2.94612e+00 6.49684e+00
4.00000e+02 3.75000e-01 9.33648e-01 5.53981e-01
4.50000e+02 8.75000e-01 2.56275e-01 5.63284e-01
1.50000e+02 7.50000e-01 2.16684e+01 3.12540e+01
3.50000e+02 8.75000e-01 7.49593e-01 1.64990e+00
4.50000e+02 6.12323e-17 7.00245e-01 3.54968e-01
4.50000e+02 1.00000e+00 2.69626e-01 7.87147e-01
2.90000e+02 6.12323e-17 4.52033e+00 2.37103e+00
2.90000e+02 8.75000e-01 1.62183e+00 3.66859e+00
3.90000e+02 5.00000e-01 8.95102e-01 6.09312e-01
4.90000e+02 2.50000e-01 4.21311e-01 2.30112e-01
1.70000e+02 2.50000e-01 3.12525e+01 1.78377e+01
1.60000e+02 3.75000e-01 3.35882e+01 2.08803e+01
3.90000e+02 1.00000e+00 5.10313e-01 1.50029e+00
4.90000e+02 1.25000e-01 4.64024e-01 2.35513e-01
1.60000e+02 6.12323e-17 4.27126e+01 2.31255e+01
2.90000e+02 7.50000e-01 1.94527e+00 2.73478e+00
3.90000e+02 3.75000e-01 1.05662e+00 6.15667e-01
4.90000e+02 6.12323e-17 4.76104e-01 2.39750e-01
2.50000e+02 8.75000e-01 2.91690e+00 6.43191e+00
2.10000e+02 3.75000e-01 1.25722e+01 7.59660e+00
4.10000e+02 2.50000e-01 9.64173e-01 5.07714e-01
4.60000e+02 2.50000e-01 5.67042e-01 3.05814e-01
1.20000e+02 5.00000e-01 7.69548e+01 5.56367e+01
2.10000e+02 1.25000e-01 1.51408e+01 8.26523e+00
2.60000e+02 2.50000e-01 6.35546e+00 3.44242e+00
3.60000e+02 5.00000e-01 1.26400e+00 8.62105e-01
2.10000e+02 2.50000e-01 1.41139e+01 7.89889e+00
1.60000e+02 6.12323e-17 4.39126e+01 2.31003e+01
2.60000e+02 5.00000e-01 4.68262e+00 3.25491e+00
4.90000e+02 7.50000e-01 2.06716e-01 2.78004e-01
1.00000e+02 8.75000e-01 7.16465e+01 1.78912e+02
2.10000e+02 7.50000e-01 6.68266e+00 9.39899e+00
3.10000e+02 2.50000e-01 3.17260e+00 1.70130e+00
4.10000e+02 3.75000e-01 8.60139e-01 4.89404e-01
1.10000e+02 7.50000e-01 6.26048e+01 9.47459e+01
2.80000e+02 6.12323e-17 5.29649e+00 2.74289e+00
2.60000e+02 6.25000e-01 3.73558e+00 3.42877e+00
3.60000e+02 6.25000e-01 1.00181e+00 9.13405e-01
6.00000e+01 5.00000e-01 8.27677e+02 5.30559e+02
2.80000e+02 1.25000e-01 5.08291e+00 2.70038e+00
4.10000e+02 1.00000e+00 4.11618e-01 1.20223e+00
4.10000e+02 1.00000e+00 4.12469e-01 1.20622e+00
1.10000e+02 8.75000e-01 5.10715e+01 1.27232e+02
1.80000e+02 7.50000e-01 1.14676e+01 1.66716e+01
2.80000e+02 7.50000e-01 2.19223e+00 3.08106e+00
4.60000e+02 8.75000e-01 2.35039e-01 4.99805e-01
1.90000e+02 5.00000e-01 1.51637e+01 1.08123e+01
2.10000e+02 8.75000e-01 5.65153e+00 1.27209e+01
3.10000e+02 7.50000e-01 1.44927e+00 2.07283e+00
3.60000e+02 7.50000e-01 7.90861e-01 1.10124e+00
1.30000e+02 1.25000e-01 8.77243e+01 4.73651e+01
3.30000e+02 3.75000e-01 2.16863e+00 1.28160e+00
3.50000e+02 6.12323e-17 2.10622e+00 1.10015e+00
4.30000e+02 6.25000e-01 4.73010e-01 4.28131e-01
1.80000e+02 1.00000e+00 1.05178e+01 3.25970e+01
2.80000e+02 8.75000e-01 1.87840e+00 4.21656e+00
3.00000e+02 8.75000e-01 1.43445e+00 3.20236e+00
4.30000e+02 5.00000e-01 5.76403e-01 3.98931e-01
1.70000e+02 8.75000e-01 1.19629e+01 2.79723e+01
2.00000e+02 7.50000e-01 7.93997e+00 1.12069e+01
3.50000e+02 2.50000e-01 1.87852e+00 1.04881e+00
4.80000e+02 5.00000e-01 3.48629e-01 2.38281e-01
1.20000e+02 1.25000e-01 1.16511e+02 6.19850e+01
2.00000e+02 1.00000e+00 7.10743e+00 2.24071e+01
4.30000e+02 5.00000e-01 5.67934e-01 3.96448e-01
4.30000e+02 2.50000e-01 7.75377e-01 4.23752e-01
2.00000e+02 1.00000e+00 7.22668e+00 2.20637e+01
1.60000e+02 5.00000e-01 2.81906e+01 2.01970e+01
3.10000e+02 8.75000e-01 1.27633e+00 2.76058e+00
5.10000e+02 1.00000e+00 1.55975e-01 4.44583e-01
2.00000e+02 3.75000e-01 1.53106e+01 9.14727e+00
3.10000e+02 7.50000e-01 1.45896e+00 2.06607e+00
3.30000e+02 7.50000e-01 1.15769e+00 1.62386e+00
4.30000e+02 8.75000e-01 3.13402e-01 6.82140e-01
1.70000e+02 7.50000e-01 1.39769e+01 2.03719e+01
2.10000e+02 5.00000e-01 1.05458e+01 7.48558e+00
3.60000e+02 1.25000e-01 1.84702e+00 9.40299e-01
4.30000e+02 6.12323e-17 8.70531e-01 4.36573e-01
8.00000e+01 7.50000e-01 1.72196e+02 2.72238e+02
2.60000e+02 2.50000e-01 6.25521e+00 3.42153e+00
3.30000e+02 3.75000e-01 2.16016e+00 1.23558e+00
4.80000e+02 2.50000e-01 4.75207e-01 2.56342e-01
1.90000e+02 3.75000e-01 1.80695e+01 1.10395e+01
2.60000e+02 8.75000e-01 2.52884e+00 5.55142e+00
3.60000e+02 3.75000e-01 1.48991e+00 8.83793e-01
4.60000e+02 3.75000e-01 5.06181e-01 3.01500e-01
2.30000e+02 7.50000e-01 4.75093e+00 6.72924e+00
3.10000e+02 8.75000e-01 1.24436e+00 2.76789e+00
4.10000e+02 6.25000e-01 5.80327e-01 5.17106e-01
4.30000e+02 1.00000e+00 3.32815e-01 9.68296e-01
1.80000e+02 6.12323e-17 2.78918e+01 1.48349e+01
2.90000e+02 1.00000e+00 1.76930e+00 5.33093e+00
3.90000e+02 7.50000e-01 5.67580e-01 7.82787e-01
3.60000e+02 1.00000e+00 7.25757e-01 2.12422e+00
1.20000e+02 2.50000e-01 1.04328e+02 5.94423e+01
2.60000e+02 5.00000e-01 4.62060e+00 3.27211e+00
3.30000e+02 8.75000e-01 9.61463e-01 2.13271e+00
4.80000e+02 3.75000e-01 4.18687e-01 2.39971e-01
1.50000e+02 8.75000e-01 1.85369e+01 4.42846e+01
3.30000e+02 7.50000e-01 1.15106e+00 1.59694e+00
3.00000e+02 3.75000e-01 3.18713e+00 1.83652e+00
5.30000e+02 1.25000e-01 3.16268e-01 1.59377e-01
1.10000e+02 6.12323e-17 1.60533e+02 8.84108e+01
2.10000e+02 6.12323e-17 1.60828e+01 8.43845e+00
2.60000e+02 8.75000e-01 2.53084e+00 5.60641e+00
4.10000e+02 5.00000e-01 7.17041e-01 4.91165e-01
2.30000e+02 1.00000e+00 4.24653e+00 1.29621e+01
2.50000e+02 7.50000e-01 3.44697e+00 4.87935e+00
3.50000e+02 6.25000e-01 1.11135e+00 1.02804e+00
5.30000e+02 8.75000e-01 1.21535e-01 2.56866e-01
2.30000e+02 8.75000e-01 4.03345e+00 8.98785e+00
2.30000e+02 8.75000e-01 3.97874e+00 8.91288e+00
4.30000e+02 8.75000e-01 3.15249e-01 6.86670e-01
4.80000e+02 8.75000e-01 1.92945e-01 4.11816e-01
1.80000e+02 3.75000e-01 2.23857e+01 1.33522e+01
2.00000e+02 8.75000e-01 6.54253e+00 1.54309e+01
3.50000e+02 5.00000e-01 1.41054e+00 9.76417e-01
5.30000e+02 5.00000e-01 2.15241e-01 1.49632e-01
8.00000e+01 1.00000e+00 1.68979e+02 5.75276e+02
1.60000e+02 8.75000e-01 1.50828e+01 3.45856e+01
3.10000e+02 6.12323e-17 3.47324e+00 1.78292e+00
4.90000e+02 6.25000e-01 2.56444e-01 2.30819e-01
2.40000e+02 6.25000e-01 5.08648e+00 4.83749e+00
3.10000e+02 3.75000e-01 2.78435e+00 1.60319e+00
3.60000e+02 6.25000e-01 1.00183e+00 9.28138e-01
5.10000e+02 2.50000e-01 3.50133e-01 1.87303e-01
1.80000e+02 5.00000e-01 1.84209e+01 1.30770e+01
2.20000e+02 7.50000e-01 5.54317e+00 7.99356e+00
4.00000e+02 1.25000e-01 1.15806e+00 5.90857e-01
4.00000e+02 6.25000e-01 6.38125e-01 5.92592e-01
1.60000e+02 3.75000e-01 3.39523e+01 2.00256e+01
2.20000e+02 6.12323e-17 1.33489e+01 7.06598e+00
3.50000e+02 1.25000e-01 2.03314e+00 1.07012e+00
5.30000e+02 6.25000e-01 1.77172e-01 1.56859e-01
6.00000e+01 1.00000e+00 4.64463e+02 1.66084e+03
2.20000e+02 6.25000e-01 7.14833e+00 6.55956e+00
3.20000e+02 7.50000e-01 1.29619e+00 1.82519e+00
5.50000e+02 6.12323e-17 2.68302e-01 1.35563e-01
1.10000e+02 6.25000e-01 8.19681e+01 7.76316e+01
2.70000e+02 1.00000e+00 2.31653e+00 6.90150e+00
4.50000e+02 2.50000e-01 6.30454e-01 3.39031e-01
4.50000e+02 6.12323e-17 6.99403e-01 3.61676e-01
2.40000e+02 1.25000e-01 9.24801e+00 4.94841e+00
2.60000e+02 7.50000e-01 2.92608e+00 4.18728e+00
4.10000e+02 8.75000e-01 3.88934e-01 8.45100e-01
3.80000e+02 6.12323e-17 1.49031e+00 7.58582e-01
6.00000e+01 6.25000e-01 5.76914e+02 5.47301e+02
3.20000e+02 1.25000e-01 2.99948e+00 1.56419e+00
3.20000e+02 6.25000e-01 1.60496e+00 1.54417e+00
5.00000e+02 2.50000e-01 3.92299e-01 2.05994e-01
1.40000e+02 2.50000e-01 6.32220e+01 3.54305e+01
3.20000e+02 6.12323e-17 3.06298e+00 1.58405e+00
4.00000e+02 7.50000e-01 5.07446e-01 7.03943e-01
4.50000e+02 2.50000e-01 6.34026e-01 3.35230e-01
1.90000e+02 6.12323e-17 2.23625e+01 1.21639e+01
2.70000e+02 8.75000e-01 2.20673e+00 4.84795e+00
4.50000e+02 1.25000e-01 6.74687e-01 3.51074e-01
4.50000e+02 6.25000e-01 3.80046e-01 3.43531e-01
1.50000e+02 3.75000e-01 4.30068e+01 2.57678e+01
3.70000e+02 6.12323e-17 1.67155e+00 8.44830e-01
3.20000e+02 1.25000e-01 2.95544e+00 1.55293e+00
5.00000e+02 6.25000e-01 2.34751e-01 2.12476e-01
6.00000e+01 2.50000e-01 1.20202e+03 6.78124e+02
3.10000e+02 6.25000e-01 1.87232e+00 1.71155e+00
4.10000e+02 7.50000e-01 4.52417e-01 6.33405e-01
5.30000e+02 3.75000e-01 2.62978e-01 1.51086e-01
1.40000e+02 6.12323e-17 6.90006e+01 3.71080e+01
3.50000e+02 5.00000e-01 1.41286e+00 9.77864e-01
4.50000e+02 8.75000e-01 2.55628e-01 5.55717e-01
5.00000e+02 1.25000e-01 4.19928e-01 2.17393e-01
1.40000e+02 5.00000e-01 4.51169e+01 3.22105e+01
2.30000e+02 7.50000e-01 4.70322e+00 6.80410e+00
3.00000e+02 1.25000e-01 3.91570e+00 2.00509e+00
4.00000e+02 7.50000e-01 5.13798e-01 7.01541e-01
6.00000e+01 1.25000e-01 1.32885e+03 7.17893e+02
1.80000e+02 6.25000e-01 1.46186e+01 1.39153e+01
3.80000e+02 8.75000e-01 5.49324e-01 1.17690e+00
4.00000e+02 6.12323e-17 1.19550e+00 6.09311e-01
1.00000e+02 6.25000e-01 1.11363e+02 1.08250e+02
2.10000e+02 6.25000e-01 8.22186e+00 7.96451e+00
3.10000e+02 1.25000e-01 3.38813e+00 1.78877e+00
3.60000e+02 2.50000e-01 1.67572e+00 9.07756e-01
1.20000e+02 3.75000e-01 9.39725e+01 5.59075e+01
3.00000e+02 1.25000e-01 3.92258e+00 2.03613e+00
3.80000e+02 2.50000e-01 1.34362e+00 7.23383e-01
3.80000e+02 8.75000e-01 5.39462e-01 1.15909e+00
1.50000e+02 1.00000e+00 2.02195e+01 6.33223e+01
1.60000e+02 1.25000e-01 4.18933e+01 2.26127e+01
3.90000e+02 6.25000e-01 7.03136e-01 6.41209e-01
4.90000e+02 8.75000e-01 1.75485e-01 3.69587e-01
2.20000e+02 7.50000e-01 5.62636e+00 7.95254e+00
1.80000e+02 1.25000e-01 2.75414e+01 1.49376e+01
2.80000e+02 6.25000e-01 2.82356e+00 2.58463e+00
5.10000e+02 5.00000e-01 2.60502e-01 1.84417e-01
1.40000e+02 1.25000e-01 6.70610e+01 3.67197e+01
3.30000e+02 6.25000e-01 1.43843e+00 1.32622e+00
3.60000e+02 8.75000e-01 6.80853e-01 1.47448e+00
4.10000e+02 2.50000e-01 9.56966e-01 5.20398e-01
1.50000e+02 1.25000e-01 5.25444e+01 2.87056e+01
1.80000e+02 3.75000e-01 2.20150e+01 1.35179e+01
3.80000e+02 7.50000e-01 6.26301e-01 8.78291e-01
5.50000e+02 3.75000e-01 2.18488e-01 1.27767e-01
1.00000e+02 7.50000e-01 8.39616e+01 1.28640e+02
3.30000e+02 5.00000e-01 1.78355e+00 1.23035e+00
4.30000e+02 7.50000e-01 3.66094e-01 5.09328e-01
5.50000e+02 5.00000e-01 1.82801e-01 1.24437e-01
2.30000e+02 1.25000e-01 1.09617e+01 5.78164e+00
2.30000e+02 5.00000e-01 7.36268e+00 5.34837e+00
4.30000e+02 6.12323e-17 8.46064e-01 4.35748e-01
5.00000e+02 6.12323e-17 4.27181e-01 2.20167e-01
2.30000e+02 5.00000e-01 7.44608e+00 5.30433e+00
2.50000e+02 6.12323e-17 8.08363e+00 4.22065e+00
3.80000e+02 5.00000e-01 9.74944e-01 6.93708e-01
5.50000e+02 1.25000e-01 2.65682e-01 1.33480e-01
1.60000e+02 7.50000e-01 1.75926e+01 2.55171e+01
2.10000e+02 2.50000e-01 1.41714e+01 7.84569e+00
3.60000e+02 7.50000e-01 7.86804e-01 1.12492e+00
3.80000e+02 1.25000e-01 1.43017e+00 7.62237e-01
1.30000e+02 3.75000e-01 7.02712e+01 4.26285e+01
3.90000e+02 2.50000e-01 1.19172e+00 6.34166e-01
4.40000e+02 1.00000e+00 3.01901e-01 8.81525e-01
8.00000e+01 6.12323e-17 4.77004e+02 2.64263e+02
3.40000e+02 8.75000e-01 8.72231e-01 1.86905e+00
4.40000e+02 5.00000e-01 5.18862e-01 3.60618e-01
8.00000e+01 5.00000e-01 2.93448e+02 2.21907e+02
3.90000e+02 6.12323e-17 1.32853e+00 6.80175e-01
4.40000e+02 7.50000e-01 3.33150e-01 4.58446e-01
2.30000e+02 6.12323e-17 1.11188e+01 5.94310e+00
3.50000e+02 1.00000e+00 8.05674e-01 2.40421e+00
4.00000e+02 6.25000e-01 6.38871e-01 5.87003e-01
4.50000e+02 5.00000e-01 4.76676e-01 3.19968e-01
8.00000e+01 6.25000e-01 2.22340e+02 2.16217e+02
3.90000e+02 1.25000e-01 1.28482e+00 6.68592e-01
4.40000e+02 8.75000e-01 2.85371e-01 6.12204e-01
1.30000e+02 7.50000e-01 3.51829e+01 5.33728e+01
3.40000e+02 1.00000e+00 9.28206e-01 2.71624e+00
4.40000e+02 6.25000e-01 4.11957e-01 3.84209e-01
1.90000e+02 2.50000e-01 2.09599e+01 1.15652e+01
2.50000e+02 3.75000e-01 6.46381e+00 3.76015e+00
1.40000e+02 8.75000e-01 2.36525e+01 5.60014e+01
2.80000e+02 7.50000e-01 2.19957e+00 3.07914e+00
1.40000e+02 3.75000e-01 5.44486e+01 3.31554e+01
2.00000e+02 3.75000e-01 1.50802e+01 9.01463e+00
1.50000e+02 5.00000e-01 3.58329e+01 2.49406e+01
3.10000e+02 1.00000e+00 1.34153e+00 4.02372e+00
3.60000e+02 6.12323e-17 1.85441e+00 9.72210e-01
4.90000e+02 1.00000e+00 1.85206e-01 5.31109e-01
6.00000e+01 7.50000e-01 4.26800e+02 7.05481e+02
2.80000e+02 3.75000e-01 4.18891e+00 2.48541e+00
2.80000e+02 1.25000e-01 5.13835e+00 2.67519e+00
4.60000e+02 1.00000e+00 2.42251e-01 7.17211e-01
1.10000e+02 3.75000e-01 1.26275e+02 7.80368e+01
2.80000e+02 2.50000e-01 4.76596e+00 2.55898e+00
2.80000e+02 2.50000e-01 4.74922e+00 2.55699e+00
5.10000e+02 1.25000e-01 3.80423e-01 1.93184e-01
2.90000e+02 3.75000e-01 3.65685e+00 2.15668e+00
3.50000e+02 6.25000e-01 1.12425e+00 1.04338e+00
3.50000e+02 1.00000e+00 8.10254e-01 2.40502e+00
4.50000e+02 3.75000e-01 5.54663e-01 3.26712e-01
1.90000e+02 1.00000e+00 8.73891e+00 2.69032e+01
2.00000e+02 6.12323e-17 1.89667e+01 9.96347e+00
3.80000e+02 1.25000e-01 1.42561e+00 7.48203e-01
4.00000e+02 3.75000e-01 9.58685e-01 5.53141e-01
2.70000e+02 3.75000e-01 4.89098e+00 2.85295e+00
2.60000e+02 3.75000e-01 5.62741e+00 3.36475e+00
3.60000e+02 5.00000e-01 1.26411e+00 8.50092e-01
4.60000e+02 1.25000e-01 6.16017e-01 3.22894e-01
6.00000e+01 8.75000e-01 3.47170e+02 1.00593e+03
3.50000e+02 6.12323e-17 2.14127e+00 1.07735e+00
3.30000e+02 2.50000e-01 2.46090e+00 1.31793e+00
5.10000e+02 3.75000e-01 3.16932e-01 1.84331e-01
1.10000e+02 1.25000e-01 1.53481e+02 8.52881e+01
3.30000e+02 8.75000e-01 9.64414e-01 2.12093e+00
3.80000e+02 3.75000e-01 1.19112e+00 6.87694e-01
5.30000e+02 1.00000e+00 1.25465e-01 3.59003e-01
1.60000e+02 1.25000e-01 4.16928e+01 2.25434e+01
2.50000e+02 5.00000e-01 5.37638e+00 3.87086e+00
4.30000e+02 2.50000e-01 7.80791e-01 4.13794e-01
4.80000e+02 7.50000e-01 2.26179e-01 3.10141e-01
1.60000e+02 5.00000e-01 2.80954e+01 1.98377e+01
3.30000e+02 1.00000e+00 1.03150e+00 3.09396e+00
4.10000e+02 5.00000e-01 7.14000e-01 4.98100e-01
3.80000e+02 5.00000e-01 1.00194e+00 6.74507e-01
1.10000e+02 5.00000e-01 1.04344e+02 7.39727e+01
3.30000e+02 2.50000e-01 2.43695e+00 1.32137e+00
3.30000e+02 6.12323e-17 2.70597e+00 1.39907e+00
5.10000e+02 6.12323e-17 3.86878e-01 1.96497e-01
2.00000e+02 2.50000e-01 1.71614e+01 9.57935e+00
2.50000e+02 2.50000e-01 7.47546e+00 3.97473e+00
4.30000e+02 6.25000e-01 4.62949e-01 4.28142e-01
4.80000e+02 1.00000e+00 2.02943e-01 6.01469e-01
2.70000e+02 1.00000e+00 2.34073e+00 6.87062e+00
1.60000e+02 2.50000e-01 3.93548e+01 2.21525e+01
2.60000e+02 1.00000e+00 2.71568e+00 8.08000e+00
3.60000e+02 6.12323e-17 1.84936e+00 9.55543e-01
2.10000e+02 6.12323e-17 1.58729e+01 8.38871e+00
2.70000e+02 2.50000e-01 5.48752e+00 2.94892e+00
3.70000e+02 7.50000e-01 7.14158e-01 9.90845e-01
1.60000e+02 2.50000e-01 3.83167e+01 2.15082e+01
3.50000e+02 2.50000e-01 1.91291e+00 1.01851e+00
4.50000e+02 1.00000e+00 2.72022e-01 7.89345e-01
5.50000e+02 6.25000e-01 1.49451e-01 1.32279e-01
6.00000e+01 3.75000e-01 1.00733e+03 6.02108e+02
3.20000e+02 2.50000e-01 2.75802e+00 1.48725e+00
4.20000e+02 5.00000e-01 6.35119e-01 4.37247e-01
8.00000e+01 3.75000e-01 3.74529e+02 2.22841e+02
2.70000e+02 6.12323e-17 6.04529e+00 3.08551e+00
3.20000e+02 6.12323e-17 3.10244e+00 1.58943e+00
5.50000e+02 7.50000e-01 1.17934e-01 1.60127e-01
2.10000e+02 8.75000e-01 5.68289e+00 1.27150e+01
3.20000e+02 5.00000e-01 2.04294e+00 1.41005e+00
4.20000e+02 7.50000e-01 4.15501e-01 5.76295e-01
8.00000e+01 1.25000e-01 4.76507e+02 2.58690e+02
3.20000e+02 3.75000e-01 2.43901e+00 1.45277e+00
4.20000e+02 3.75000e-01 7.55952e-01 4.38740e-01
8.00000e+01 2.50000e-01 4.25836e+02 2.44098e+02
3.20000e+02 6.25000e-01 1.63995e+00 1.51416e+00
4.20000e+02 6.25000e-01 5.15437e-01 4.67794e-01
2.00000e+02 8.75000e-01 6.66931e+00 1.51378e+01
3.40000e+02 7.50000e-01 1.00555e+00 1.40623e+00
4.40000e+02 3.75000e-01 6.26125e-01 3.54334e-01
2.30000e+02 2.50000e-01 1.01599e+01 5.52151e+00
3.00000e+02 3.75000e-01 3.16121e+00 1.88889e+00
4.50000e+02 3.75000e-01 5.54097e-01 3.28197e-01
5.50000e+02 2.50000e-01 2.46436e-01 1.31184e-01
2.20000e+02 8.75000e-01 4.71923e+00 1.06395e+01
3.50000e+02 1.25000e-01 2.03844e+00 1.06158e+00
4.00000e+02 1.00000e+00 4.64012e-01 1.35667e+00
5.00000e+02 5.00000e-01 2.87503e-01 2.00610e-01
2.10000e+02 3.75000e-01 1.25349e+01 7.41305e+00
3.00000e+02 6.25000e-01 2.14280e+00 1.96712e+00
4.00000e+02 8.75000e-01 4.30265e-01 9.60785e-01
5.00000e+02 7.50000e-01 1.82530e-01 2.56211e-01
1.20000e+02 1.00000e+00 4.27063e+01 1.41577e+02
1.60000e+02 1.00000e+00 1.60217e+01 4.95606e+01
2.60000e+02 1.25000e-01 6.86182e+00 3.59490e+00
4.60000e+02 7.50000e-01 2.70481e-01 3.69153e-01
2.00000e+02 7.50000e-01 7.80139e+00 1.13882e+01
2.80000e+02 1.00000e+00 2.01603e+00 6.01113e+00
2.80000e+02 1.00000e+00 1.99680e+00 6.05927e+00
3.80000e+02 2.50000e-01 1.35006e+00 7.25192e-01
2.50000e+02 6.12323e-17 8.22666e+00 4.30241e+00
2.10000e+02 1.00000e+00 5.99181e+00 1.84510e+01
3.10000e+02 5.00000e-01 2.33555e+00 1.62118e+00
3.80000e+02 3.75000e-01 1.19290e+00 6.94450e-01
2.00000e+02 5.00000e-01 1.27562e+01 9.00658e+00
2.30000e+02 1.00000e+00 4.34288e+00 1.28410e+01
3.30000e+02 1.25000e-01 2.60459e+00 1.37806e+00
4.80000e+02 1.25000e-01 5.07581e-01 2.58014e-01
1.40000e+02 1.00000e+00 2.61799e+01 8.07519e+01
2.20000e+02 5.00000e-01 8.83721e+00 6.28703e+00
3.70000e+02 6.12323e-17 1.64396e+00 8.49419e-01
2.70000e+02 7.50000e-01 2.55210e+00 3.58101e+00
2.70000e+02 3.75000e-01 4.84368e+00 2.82678e+00
3.70000e+02 3.75000e-01 1.32183e+00 7.84147e-01
2.70000e+02 6.25000e-01 3.21764e+00 2.98812e+00
2.70000e+02 6.25000e-01 3.24736e+00 2.98953e+00
3.70000e+02 1.00000e+00 6.44070e-01 1.90257e+00
1.70000e+02 5.00000e-01 2.22664e+01 1.59498e+01
2.20000e+02 8.75000e-01 4.74911e+00 1.06368e+01
3.70000e+02 1.25000e-01 1.60993e+00 8.44970e-01
2.20000e+02 1.25000e-01 1.27927e+01 6.82128e+00
2.70000e+02 5.00000e-01 4.05524e+00 2.83448e+00
3.70000e+02 6.25000e-01 9.00136e-01 8.20009e-01
1.80000e+02 8.75000e-01 9.77931e+00 2.23603e+01
2.70000e+02 7.50000e-01 2.53060e+00 3.57712e+00
4.20000e+02 1.25000e-01 9.25886e-01 4.83414e-01
2.50000e+02 1.00000e+00 3.11325e+00 9.36678e+00
2.70000e+02 1.25000e-01 5.89448e+00 3.11485e+00
3.70000e+02 2.50000e-01 1.52815e+00 8.05433e-01
1.40000e+02 6.25000e-01 3.57666e+01 3.41577e+01
3.00000e+02 1.00000e+00 1.52651e+00 4.55476e+00
3.00000e+02 5.00000e-01 2.64110e+00 1.87206e+00
5.30000e+02 2.50000e-01 2.97679e-01 1.54818e-01
1.10000e+02 1.00000e+00 5.79538e+01 1.90523e+02
2.60000e+02 1.25000e-01 6.99636e+00 3.63282e+00
3.90000e+02 8.75000e-01 4.80397e-01 1.04515e+00
4.90000e+02 3.75000e-01 3.75048e-01 2.19440e-01
2.90000e+02 6.25000e-01 2.45313e+00 2.28202e+00
3.00000e+02 7.50000e-01 1.70403e+00 2.31562e+00
3.00000e+02 1.00000e+00 1.53071e+00 4.53117e+00
4.80000e+02 6.12323e-17 5.12339e-01 2.63380e-01
6.00000e+01 6.12323e-17 1.37831e+03 7.45301e+02
2.00000e+02 5.00000e-01 1.25295e+01 8.81695e+00
3.80000e+02 1.00000e+00 5.75376e-01 1.70175e+00
3.80000e+02 7.50000e-01 6.36738e-01 8.77796e-01
2.20000e+02 5.00000e-01 8.86095e+00 6.21933e+00
2.60000e+02 6.12323e-17 6.99806e+00 3.60423e+00
2.60000e+02 7.50000e-01 2.92736e+00 4.15476e+00
3.60000e+02 8.75000e-01 6.78870e-01 1.49766e+00
2.00000e+02 6.12323e-17 1.91691e+01 1.02409e+01
1.60000e+02 6.25000e-01 2.21518e+01 2.14553e+01
3.10000e+02 3.75000e-01 2.78157e+00 1.62021e+00
4.10000e+02 6.25000e-01 5.69790e-01 5.28463e-01
1.70000e+02 1.25000e-01 3.34451e+01 1.85777e+01
1.80000e+02 5.00000e-01 1.81295e+01 1.31171e+01
2.80000e+02 3.75000e-01 4.13730e+00 2.43873e+00
3.80000e+02 6.25000e-01 7.91736e-01 7.27719e-01
2.50000e+02 1.25000e-01 7.85177e+00 4.26307e+00
2.30000e+02 1.25000e-01 1.10361e+01 5.78771e+00
2.80000e+02 6.12323e-17 5.08793e+00 2.72678e+00
4.10000e+02 8.75000e-01 3.89345e-01 8.32072e-01
2.70000e+02 5.00000e-01 3.97964e+00 2.82820e+00
1.80000e+02 6.12323e-17 2.79487e+01 1.52076e+01
2.60000e+02 3.75000e-01 5.70769e+00 3.30511e+00
3.60000e+02 3.75000e-01 1.48090e+00 8.54548e-01
2.50000e+02 6.25000e-01 4.36652e+00 4.00530e+00
3.10000e+02 1.25000e-01 3.44639e+00 1.76525e+00
3.10000e+02 1.00000e+00 1.31232e+00 3.96884e+00
4.10000e+02 7.50000e-01 4.55836e-01 6.31319e-01
2.70000e+02 2.50000e-01 5.52113e+00 2.94331e+00
3.40000e+02 1.25000e-01 2.31493e+00 1.20229e+00
4.40000e+02 2.50000e-01 6.90590e-01 3.80635e-01
2.20000e+02 6.12323e-17 1.33509e+01 6.97267e+00
3.40000e+02 6.25000e-01 1.28244e+00 1.17263e+00
4.40000e+02 1.25000e-01 7.43176e-01 3.90746e-01
2.20000e+02 6.25000e-01 6.92704e+00 6.47102e+00
2.90000e+02 8.75000e-01 1.67923e+00 3.65405e+00
3.90000e+02 8.75000e-01 4.82712e-01 1.04913e+00
2.20000e+02 1.00000e+00 5.02272e+00 1.53192e+01
2.90000e+02 1.00000e+00 1.76951e+00 5.34646e+00
4.40000e+02 6.12323e-17 7.68568e-01 3.94709e-01
2.20000e+02 2.50000e-01 1.19892e+01 6.72841e+00
3.40000e+02 6.12323e-17 2.38841e+00 1.21903e+00
3.90000e+02 3.75000e-01 1.03483e+00 6.20819e-01
2.50000e+02 2.50000e-01 7.38382e+00 4.02598e+00
3.40000e+02 2.50000e-01 2.15177e+00 1.16219e+00
3.90000e+02 1.00000e+00 5.24290e-01 1.50104e+00
1.20000e+02 6.25000e-01 6.00705e+01 5.78665e+01
2.90000e+02 7.50000e-01 1.91082e+00 2.74999e+00
3.90000e+02 7.50000e-01 5.62134e-01 7.72978e-01
2.40000e+02 5.00000e-01 6.32791e+00 4.36950e+00
2.80000e+02 6.25000e-01 2.80450e+00 2.65642e+00
3.00000e+02 7.50000e-01 1.67390e+00 2.33524e+00
4.30000e+02 7.50000e-01 3.67850e-01 5.09459e-01
2.40000e+02 1.00000e+00 3.63045e+00 1.11256e+01
1.60000e+02 7.50000e-01 1.73946e+01 2.57715e+01
3.80000e+02 6.12323e-17 1.47781e+00 7.51491e-01
4.60000e+02 6.25000e-01 3.43697e-01 3.10517e-01
2.90000e+02 5.00000e-01 3.03361e+00 2.13809e+00
1.80000e+02 8.75000e-01 9.71035e+00 2.26581e+01
4.30000e+02 3.75000e-01 6.98251e-01 4.02200e-01
4.30000e+02 3.75000e-01 6.84113e-01 4.02848e-01
2.40000e+02 8.75000e-01 3.44326e+00 7.71217e+00
1.80000e+02 1.00000e+00 1.07550e+01 3.34095e+01
3.30000e+02 5.00000e-01 1.82030e+00 1.25604e+00
3.80000e+02 1.00000e+00 5.77423e-01 1.66150e+00
2.40000e+02 2.50000e-01 8.59378e+00 4.78477e+00
2.30000e+02 6.12323e-17 1.13922e+01 6.07575e+00
3.30000e+02 6.25000e-01 1.45413e+00 1.31153e+00
4.30000e+02 1.25000e-01 8.43496e-01 4.33991e-01
1.00000e+02 6.12323e-17 2.19826e+02 1.25041e+02
2.90000e+02 2.50000e-01 4.09787e+00 2.29242e+00
3.90000e+02 2.50000e-01 1.19353e+00 6.55246e-01
1.80000e+02 2.50000e-01 2.51962e+01 1.38719e+01
3.40000e+02 5.00000e-01 1.56526e+00 1.10105e+00
3.90000e+02 6.25000e-01 7.11022e-01 6.54010e-01
1.30000e+02 2.50000e-01 8.15475e+01 4.59833e+01
3.40000e+02 3.75000e-01 1.89286e+00 1.10616e+00
3.90000e+02 5.00000e-01 8.94228e-01 6.12580e-01
1.10000e+02 2.50000e-01 1.42734e+02 8.06173e+01
2.60000e+02 6.25000e-01 3.71428e+00 3.43354e+00
3.60000e+02 2.50000e-01 1.68217e+00 9.10309e-01
4.60000e+02 6.12323e-17 6.30295e-01 3.25712e-01
1.60000e+02 6.25000e-01 2.23567e+01 2.12765e+01
3.10000e+02 2.50000e-01 3.16743e+00 1.69366e+00
3.60000e+02 1.00000e+00 7.25062e-01 2.09810e+00
4.10000e+02 6.12323e-17 1.06909e+00 5.40396e-01
1.60000e+02 1.00000e+00 1.63358e+01 5.05278e+01
3.50000e+02 3.75000e-01 1.66367e+00 9.78203e-01
4.00000e+02 2.50000e-01 1.05796e+00 5.69936e-01
4.00000e+02 1.00000e+00 4.64525e-01 1.35983e+00
1.90000e+02 1.25000e-01 2.19744e+01 1.19987e+01
2.20000e+02 1.00000e+00 5.12949e+00 1.54051e+01
3.50000e+02 8.75000e-01 7.77343e-01 1.69962e+00
4.00000e+02 5.00000e-01 7.93717e-01 5.46158e-01
2.50000e+02 7.50000e-01 3.41559e+00 4.84170e+00
2.90000e+02 6.25000e-01 2.43993e+00 2.27423e+00
3.40000e+02 1.00000e+00 9.20119e-01 2.69945e+00
1.00000e+02 1.25000e-01 2.18013e+02 1.19376e+02
2.90000e+02 1.25000e-01 4.48524e+00 2.32338e+00
3.40000e+02 8.75000e-01 8.57464e-01 1.89521e+00
2.10000e+02 5.00000e-01 1.04009e+01 7.38780e+00
2.90000e+02 3.75000e-01 3.66112e+00 2.14184e+00
3.90000e+02 6.12323e-17 1.32141e+00 6.84142e-01
1.80000e+02 1.25000e-01 2.71366e+01 1.49025e+01
2.90000e+02 5.00000e-01 3.05117e+00 2.14372e+00
3.90000e+02 1.25000e-01 1.26566e+00 6.64937e-01
8.00000e+01 8.75000e-01 1.46422e+02 3.76997e+02
3.00000e+02 5.00000e-01 2.63807e+00 1.81970e+00
4.00000e+02 5.00000e-01 8.01190e-01 5.44117e-01
4.50000e+02 7.50000e-01 2.97981e-01 4.15561e-01
2.10000e+02 1.25000e-01 1.52816e+01 8.23350e+00
2.40000e+02 2.50000e-01 8.62922e+00 4.80758e+00
4.70000e+02 8.75000e-01 2.08017e-01 4.58336e-01
