masses      stau_mix      LO_data      NLO_data      NLO_err      Alpha_err
2.98360e+03 1.39173e-01 7.19796e-08 7.85346e-08 4.95503e-08 -6.47160e-09
3.27440e+03 1.39173e-01 1.75007e-08 1.96218e-08 1.17151e-08 -1.83769e-09
3.26980e+03 1.39173e-01 1.77821e-08 1.99422e-08 1.34447e-08 -1.62505e-09
2.34480e+03 1.39173e-01 2.00826e-06 2.18657e-06 6.56973e-07 -3.07083e-08
2.39940e+03 1.39173e-01 1.44362e-06 1.63012e-06 5.07743e-07 -4.32601e-08
3.31460e+03 1.39173e-01 1.45719e-08 1.62608e-08 1.13133e-08 -1.66832e-09
2.40940e+03 1.39173e-01 1.39883e-06 1.51157e-06 5.14378e-07 -2.48695e-08
3.35370e+03 1.39173e-01 1.22461e-08 1.37275e-08 9.29197e-09 -1.36953e-09
3.30300e+03 1.39173e-01 1.55858e-08 1.73192e-08 1.18160e-08 -1.17310e-09
3.02210e+03 1.39173e-01 5.94702e-08 6.66594e-08 4.16836e-08 -3.10376e-09
1.33580e+03 1.39173e-01 4.82904e-04 5.45784e-04 5.08429e-05 -8.73353e-06
1.65920e+03 1.39173e-01 7.90470e-05 8.35973e-05 1.26598e-05 1.99299e-06
2.78980e+03 1.39173e-01 1.88680e-07 2.12943e-07 1.14845e-07 -7.83897e-09
3.22060e+03 1.39173e-01 2.24184e-08 2.50013e-08 1.56958e-08 -2.25804e-09
1.36650e+03 1.39173e-01 3.92028e-04 4.38934e-04 3.99797e-05 -1.78551e-05
3.02870e+03 1.39173e-01 5.95974e-08 6.30510e-08 4.17730e-08 -4.65013e-09
2.34950e+03 1.39173e-01 1.79308e-06 2.08058e-06 6.18845e-07 -3.73662e-08
2.81800e+03 1.39173e-01 1.63764e-07 1.82552e-07 1.03373e-07 -3.09887e-09
3.31200e+03 1.39173e-01 1.49827e-08 1.66082e-08 1.02174e-08 -1.89795e-09
1.35440e+03 1.39173e-01 4.25524e-04 4.76266e-04 4.13499e-05 8.36549e-07
6.23030e+02 1.39173e-01 5.67048e-02 6.60415e-02 2.77912e-03 -1.17597e-03
3.16330e+03 1.39173e-01 2.95963e-08 3.25224e-08 2.03315e-08 -3.84891e-09
2.69680e+03 1.39173e-01 2.99492e-07 3.43299e-07 1.67652e-07 -1.52025e-08
3.02600e+03 1.39173e-01 5.81715e-08 6.25833e-08 3.89556e-08 -3.91653e-09
2.17440e+03 1.39173e-01 4.79056e-06 5.35623e-06 1.40284e-06 7.85126e-08
3.28030e+03 1.39173e-01 1.71911e-08 1.83099e-08 1.18575e-08 -1.91352e-09
2.39220e+03 1.39173e-01 1.50438e-06 1.69445e-06 5.41669e-07 -3.93691e-09
3.02370e+03 1.39173e-01 5.76444e-08 6.52573e-08 4.19257e-08 -4.58802e-09
2.88010e+03 1.39173e-01 1.19434e-07 1.34739e-07 7.71016e-08 -8.23272e-09
2.78360e+03 1.39173e-01 2.04502e-07 2.22759e-07 1.18444e-07 -1.30508e-08
3.30000e+03 1.39173e-01 1.58286e-08 1.73396e-08 1.10323e-08 -1.21010e-09
2.67870e+03 1.39173e-01 3.31793e-07 3.78314e-07 1.76001e-07 -1.64145e-08
1.89920e+03 1.39173e-01 2.12408e-05 2.28850e-05 4.15352e-06 3.56614e-07
1.74370e+03 1.39173e-01 4.71141e-05 5.38313e-05 8.31479e-06 -2.34925e-06
1.64680e+03 1.39173e-01 8.40594e-05 9.03100e-05 1.14517e-05 -2.04789e-06
3.02070e+03 1.39173e-01 6.10274e-08 6.35319e-08 4.35033e-08 -6.22703e-09
2.30370e+03 1.39173e-01 2.43229e-06 2.62451e-06 7.96630e-07 -2.58683e-08
2.51180e+03 1.39173e-01 8.23136e-07 8.58254e-07 3.47434e-07 -2.38639e-08
1.06370e+03 1.39173e-01 2.50278e-03 2.91487e-03 1.78265e-04 -4.01188e-05
2.03600e+03 1.39173e-01 9.74650e-06 1.10555e-05 2.31738e-06 -3.02064e-07
1.00640e+03 1.39173e-01 3.51524e-03 4.07843e-03 2.61790e-04 7.28030e-05
3.18590e+03 1.39173e-01 2.64149e-08 2.88350e-08 1.82633e-08 -2.22411e-09
2.31430e+03 1.39173e-01 2.24399e-06 2.47406e-06 7.54675e-07 -1.23244e-07
1.29680e+03 1.39173e-01 5.84971e-04 7.04804e-04 5.76709e-05 -1.61344e-05
3.28330e+03 1.39173e-01 1.66907e-08 1.91051e-08 1.17127e-08 -1.72569e-09
1.52150e+03 1.39173e-01 1.66987e-04 1.86806e-04 1.96712e-05 3.65322e-06
2.51720e+03 1.39173e-01 8.21299e-07 8.60412e-07 3.33535e-07 -4.04063e-08
3.37050e+03 1.39173e-01 1.12967e-08 1.25307e-08 8.37688e-09 -1.11304e-09
1.76590e+03 1.39173e-01 4.26612e-05 4.73559e-05 7.37786e-06 -3.35805e-07
3.47670e+03 1.39173e-01 6.96837e-09 7.58787e-09 5.25848e-09 -9.10460e-10
2.36140e+03 1.39173e-01 1.80943e-06 1.93972e-06 6.31657e-07 -6.71888e-08
3.05920e+03 1.39173e-01 5.07388e-08 5.48170e-08 3.35026e-08 -4.51406e-09
3.31070e+03 1.39173e-01 1.48745e-08 1.67450e-08 1.03055e-08 -1.38460e-09
2.63240e+03 1.39173e-01 4.33061e-07 4.83749e-07 1.96773e-07 -1.24376e-08
3.27110e+03 1.39173e-01 1.81455e-08 1.93196e-08 1.26820e-08 -1.36208e-09
2.57870e+03 1.39173e-01 5.63871e-07 6.19233e-07 2.52934e-07 4.22200e-09
2.76240e+03 1.39173e-01 2.17567e-07 2.40633e-07 1.31971e-07 -1.03396e-08
2.58740e+03 1.39173e-01 5.42875e-07 6.03101e-07 2.60596e-07 -1.16211e-08
2.77990e+03 1.39173e-01 1.97841e-07 2.16131e-07 1.16766e-07 -5.26208e-09
1.47580e+03 1.39173e-01 2.12276e-04 2.36628e-04 2.40053e-05 -8.88158e-07
1.25080e+03 1.39173e-01 7.86345e-04 8.81821e-04 7.15718e-05 -1.16821e-05
2.33850e+03 1.39173e-01 1.95050e-06 2.24835e-06 6.70796e-07 -1.08320e-07
3.00420e+03 1.39173e-01 6.36613e-08 7.07224e-08 4.47249e-08 -4.24808e-09
2.63220e+03 1.39173e-01 4.33973e-07 4.83822e-07 2.19778e-07 -2.15312e-08
2.93730e+03 1.39173e-01 8.77626e-08 9.68558e-08 6.46496e-08 -6.16911e-09
3.11630e+03 1.39173e-01 3.77245e-08 4.25311e-08 2.39137e-08 -3.70538e-09
1.55610e+03 1.39173e-01 1.34655e-04 1.53762e-04 1.77628e-05 -1.59237e-06
2.89730e+03 1.39173e-01 1.11449e-07 1.19879e-07 7.43969e-08 -4.08573e-09
2.25540e+03 1.39173e-01 3.06559e-06 3.43685e-06 9.05008e-07 -7.90855e-08
3.11060e+03 1.39173e-01 3.79194e-08 4.28122e-08 2.63117e-08 -3.57984e-09
2.02470e+03 1.39173e-01 1.05557e-05 1.22589e-05 2.42222e-06 1.68136e-07
3.06420e+03 1.39173e-01 4.64776e-08 5.25377e-08 3.22132e-08 -4.03050e-09
2.15410e+03 1.39173e-01 5.55426e-06 5.87830e-06 1.33926e-06 -1.05044e-07
3.09260e+03 1.39173e-01 4.07809e-08 4.51733e-08 2.73304e-08 -3.95248e-09
2.10800e+03 1.39173e-01 7.03426e-06 7.50500e-06 1.71137e-06 -1.76968e-07
1.95750e+03 1.39173e-01 1.50978e-05 1.63355e-05 3.10470e-06 1.07962e-07
2.13540e+03 1.39173e-01 5.94648e-06 6.42367e-06 1.52923e-06 -3.11998e-07
3.03600e+03 1.39173e-01 5.45685e-08 6.05757e-08 3.88942e-08 -7.40124e-10
3.34650e+03 1.39173e-01 1.24141e-08 1.39303e-08 8.76741e-09 -1.78885e-09
2.76790e+03 1.39173e-01 2.16223e-07 2.31565e-07 1.29094e-07 -8.86003e-09
6.88720e+02 1.39173e-01 3.42812e-02 3.79989e-02 1.54490e-03 1.43833e-03
3.42580e+03 1.39173e-01 8.91254e-09 9.88139e-09 6.68167e-09 -9.71891e-10
6.97840e+02 1.39173e-01 3.10297e-02 3.65652e-02 1.67083e-03 3.08012e-04
2.78400e+03 1.39173e-01 1.97859e-07 2.16978e-07 1.18603e-07 -1.21201e-08
3.13800e+03 1.39173e-01 3.38042e-08 3.70047e-08 2.23982e-08 -2.47676e-09
3.07320e+03 1.39173e-01 4.56929e-08 4.80977e-08 2.97268e-08 -2.15319e-09
3.08980e+03 1.39173e-01 4.22522e-08 4.75140e-08 2.80132e-08 -2.39643e-09
2.72150e+03 1.39173e-01 2.74846e-07 3.03926e-07 1.46282e-07 -1.34802e-08
2.98470e+03 1.39173e-01 6.96122e-08 7.82333e-08 5.15175e-08 -6.35069e-09
2.48430e+03 1.39173e-01 9.27850e-07 1.01458e-06 3.75197e-07 -3.39868e-08
2.25080e+03 1.39173e-01 3.11572e-06 3.50242e-06 9.94441e-07 -4.68302e-08
3.22880e+03 1.39173e-01 2.16747e-08 2.45130e-08 1.61341e-08 -1.39501e-09
7.10740e+02 1.39173e-01 2.94833e-02 3.25039e-02 1.82115e-03 -8.30551e-04
2.41600e+03 1.39173e-01 1.33688e-06 1.41876e-06 5.01101e-07 4.99349e-09
1.26220e+03 1.39173e-01 7.28904e-04 8.22372e-04 6.89558e-05 -3.40829e-06
2.07910e+03 1.39173e-01 7.65906e-06 8.45312e-06 1.94393e-06 -1.29054e-07
1.87820e+03 1.39173e-01 2.42705e-05 2.55894e-05 4.65858e-06 -4.85969e-07
2.54880e+03 1.39173e-01 6.77922e-07 7.32948e-07 2.96679e-07 -2.88317e-08
1.71680e+03 1.39173e-01 5.53090e-05 6.20672e-05 8.60063e-06 -1.38871e-06
1.72200e+03 1.39173e-01 5.32506e-05 6.16472e-05 8.60630e-06 -4.91916e-07
3.30550e+03 1.39173e-01 1.52893e-08 1.67847e-08 1.05856e-08 -1.90401e-09
3.40540e+03 1.39173e-01 9.50432e-09 1.05334e-08 7.83412e-09 -1.39013e-09
3.19790e+03 1.39173e-01 2.49691e-08 2.85629e-08 1.68793e-08 -1.82484e-09
1.98340e+03 1.39173e-01 1.34691e-05 1.48271e-05 3.00225e-06 2.27682e-08
1.86030e+03 1.39173e-01 2.55743e-05 2.73435e-05 4.68515e-06 -6.66350e-07
2.49950e+03 1.39173e-01 8.69533e-07 9.37789e-07 3.46061e-07 -3.26546e-08
3.37590e+03 1.39173e-01 1.06027e-08 1.20439e-08 8.10783e-09 -1.44516e-09
2.49570e+03 1.39173e-01 8.86428e-07 9.51259e-07 3.61184e-07 -3.11039e-08
2.30940e+03 1.39173e-01 2.24248e-06 2.65690e-06 7.76680e-07 -7.26367e-08
2.68180e+03 1.39173e-01 3.34128e-07 3.61713e-07 1.64909e-07 -2.25236e-08
1.67660e+03 1.39173e-01 6.84979e-05 8.01369e-05 1.04123e-05 1.70533e-07
2.00370e+03 1.39173e-01 1.18499e-05 1.33006e-05 2.73673e-06 -3.53942e-07
2.76690e+03 1.39173e-01 2.14983e-07 2.38435e-07 1.35556e-07 -1.63329e-08
9.73640e+02 1.39173e-01 4.45138e-03 5.00860e-03 3.20791e-04 -3.00832e-05
2.37270e+03 1.39173e-01 1.71982e-06 1.76830e-06 5.59041e-07 -3.03587e-08
3.39870e+03 1.39173e-01 9.67516e-09 1.11383e-08 7.72542e-09 -1.08561e-09
3.51490e+03 1.39173e-01 5.65596e-09 6.55173e-09 4.82551e-09 -7.14293e-10
2.84990e+03 1.39173e-01 1.40557e-07 1.54460e-07 8.76835e-08 -3.30061e-09
2.30590e+03 1.39173e-01 2.40586e-06 2.60497e-06 7.87091e-07 -8.36956e-08
1.95210e+03 1.39173e-01 1.54574e-05 1.71724e-05 3.01086e-06 2.43695e-07
3.32320e+03 1.39173e-01 1.44547e-08 1.52996e-08 9.73305e-09 -1.02192e-09
3.14420e+03 1.39173e-01 3.35241e-08 3.58216e-08 2.15048e-08 -2.77043e-09
1.38390e+03 1.39173e-01 3.47789e-04 4.05725e-04 3.59931e-05 1.04951e-05
2.16240e+03 1.39173e-01 5.10016e-06 5.68515e-06 1.35215e-06 4.37985e-08
2.21070e+03 1.39173e-01 3.91995e-06 4.32031e-06 1.10566e-06 -1.04634e-07
2.74050e+03 1.39173e-01 2.41960e-07 2.75177e-07 1.41806e-07 -1.38174e-08
2.88400e+03 1.39173e-01 1.15434e-07 1.29650e-07 8.16546e-08 -6.51842e-09
2.68690e+03 1.39173e-01 3.27561e-07 3.52617e-07 1.74296e-07 -1.35129e-08
2.39390e+03 1.39173e-01 1.44962e-06 1.72279e-06 5.57821e-07 -2.43868e-08
2.29110e+03 1.39173e-01 2.65502e-06 2.84706e-06 8.09738e-07 -2.07821e-08
1.30230e+03 1.39173e-01 5.59380e-04 6.88656e-04 5.68414e-05 -1.18393e-05
2.30190e+03 1.39173e-01 2.33418e-06 2.79889e-06 7.26155e-07 -6.93947e-08
3.42680e+03 1.39173e-01 8.66395e-09 9.61444e-09 6.23844e-09 -1.30620e-09
2.27760e+03 1.39173e-01 2.82229e-06 3.03062e-06 8.80037e-07 -7.39382e-08
3.25990e+03 1.39173e-01 1.89205e-08 2.05421e-08 1.34883e-08 -1.43070e-09
3.43990e+03 1.39173e-01 8.34254e-09 9.05272e-09 6.27726e-09 -1.11806e-09
2.23590e+03 1.39173e-01 3.40304e-06 3.78486e-06 1.03769e-06 1.87744e-08
3.46770e+03 1.39173e-01 7.37799e-09 8.01259e-09 5.09856e-09 -9.23478e-10
1.35110e+03 1.39173e-01 4.28405e-04 4.97863e-04 4.22871e-05 -6.66119e-09
1.12910e+03 1.39173e-01 1.65792e-03 1.91696e-03 1.41495e-04 -8.43400e-06
1.88310e+03 1.39173e-01 2.18807e-05 2.52337e-05 4.48273e-06 1.32626e-07
2.43670e+03 1.39173e-01 1.20386e-06 1.33330e-06 4.58500e-07 -3.05731e-08
1.86060e+03 1.39173e-01 2.52050e-05 2.83021e-05 4.80089e-06 -4.86574e-08
2.71370e+03 1.39173e-01 2.83246e-07 3.15181e-07 1.47924e-07 -1.43060e-08
2.26250e+03 1.39173e-01 3.06711e-06 3.37132e-06 9.54002e-07 -7.88730e-08
3.11500e+03 1.39173e-01 3.67288e-08 4.15456e-08 2.44311e-08 -2.79661e-09
1.86250e+03 1.39173e-01 2.56082e-05 2.81034e-05 5.05529e-06 -4.33132e-07
3.27590e+03 1.39173e-01 1.75219e-08 1.88923e-08 1.23432e-08 -1.97109e-09
2.88000e+03 1.39173e-01 1.19473e-07 1.34925e-07 7.80454e-08 -4.75287e-09
3.43010e+03 1.39173e-01 8.63630e-09 9.54821e-09 6.64104e-09 -8.55614e-10
3.38890e+03 1.39173e-01 1.04028e-08 1.14480e-08 7.87566e-09 -1.62696e-09
2.76820e+03 1.39173e-01 2.09590e-07 2.35130e-07 1.22151e-07 -1.14038e-08
1.47050e+03 1.39173e-01 2.07964e-04 2.49488e-04 2.78848e-05 -4.94652e-06
1.20340e+03 1.39173e-01 1.04224e-03 1.16073e-03 9.52752e-05 -1.41925e-05
1.87130e+03 1.39173e-01 2.43215e-05 2.75024e-05 4.90094e-06 -9.58692e-07
3.35270e+03 1.39173e-01 1.24933e-08 1.31965e-08 9.41277e-09 -1.46710e-09
1.16850e+03 1.39173e-01 1.27436e-03 1.40786e-03 1.11420e-04 -4.24101e-05
3.37790e+03 1.39173e-01 1.11718e-08 1.23034e-08 7.74383e-09 -1.30880e-09
2.09590e+03 1.39173e-01 7.25867e-06 7.83949e-06 1.77667e-06 -1.90887e-07
2.07810e+03 1.39173e-01 7.92319e-06 8.79121e-06 1.91363e-06 -4.40823e-07
2.68140e+03 1.39173e-01 3.32949e-07 3.75231e-07 1.68768e-07 -4.15239e-10
1.76620e+03 1.39173e-01 4.25894e-05 4.93875e-05 7.75693e-06 -2.66036e-06
2.08020e+03 1.39173e-01 7.94271e-06 8.57698e-06 2.03010e-06 1.33772e-08
2.77420e+03 1.39173e-01 2.09119e-07 2.26280e-07 1.20673e-07 -8.12941e-09
3.01440e+03 1.39173e-01 6.14496e-08 6.63821e-08 4.11014e-08 -3.77917e-09
2.57300e+03 1.39173e-01 5.94465e-07 6.57884e-07 2.59349e-07 -2.48235e-08
1.67220e+03 1.39173e-01 7.17676e-05 7.99656e-05 1.12934e-05 1.40840e-07
2.24680e+03 1.39173e-01 3.23744e-06 3.62924e-06 9.82159e-07 -5.63001e-08
2.76110e+03 1.39173e-01 2.14013e-07 2.43078e-07 1.28282e-07 -8.16016e-09
3.20510e+03 1.39173e-01 2.41224e-08 2.65961e-08 1.64720e-08 -2.47482e-09
3.13750e+03 1.39173e-01 3.42111e-08 3.69380e-08 2.29945e-08 -3.39602e-09
9.54660e+02 1.39173e-01 5.29009e-03 5.64496e-03 3.29242e-04 -6.27296e-05
1.80700e+03 1.39173e-01 3.49088e-05 3.67566e-05 6.06801e-06 5.67715e-07
2.27890e+03 1.39173e-01 2.79147e-06 2.98942e-06 8.47167e-07 -2.94770e-08
3.21710e+03 1.39173e-01 2.32679e-08 2.50618e-08 1.58586e-08 -2.73574e-09
1.08840e+03 1.39173e-01 2.08303e-03 2.44848e-03 1.82896e-04 -1.83986e-05
2.30380e+03 1.39173e-01 2.41386e-06 2.66160e-06 7.56468e-07 -4.10133e-08
7.90190e+02 1.39173e-01 1.56399e-02 1.85440e-02 8.39523e-04 -5.33124e-04
2.77750e+03 1.39173e-01 2.01170e-07 2.25436e-07 1.18686e-07 -1.80092e-08
2.98810e+03 1.39173e-01 6.98109e-08 7.72410e-08 4.96186e-08 -3.67115e-09
2.59110e+03 1.39173e-01 5.55646e-07 5.80826e-07 2.40846e-07 -2.42785e-08
2.33780e+03 1.39173e-01 2.00766e-06 2.18140e-06 6.58138e-07 -1.42895e-07
8.16280e+02 1.39173e-01 1.29859e-02 1.46247e-02 8.71358e-04 2.53777e-04
8.14090e+02 1.39173e-01 1.32411e-02 1.52766e-02 7.70137e-04 -4.03001e-05
2.45490e+03 1.39173e-01 1.01832e-06 1.18601e-06 4.27358e-07 -2.09336e-08
2.01660e+03 1.39173e-01 1.14793e-05 1.25063e-05 2.43183e-06 -2.60695e-07
1.57620e+03 1.39173e-01 1.23051e-04 1.40763e-04 1.64303e-05 2.38992e-06
7.56450e+02 1.39173e-01 2.06923e-02 2.29896e-02 1.22653e-03 6.98894e-04
3.43100e+03 1.39173e-01 8.45759e-09 9.59296e-09 6.62163e-09 -9.29366e-10
2.74280e+03 1.39173e-01 2.42809e-07 2.69398e-07 1.43306e-07 -1.45327e-08
2.50390e+03 1.39173e-01 8.48931e-07 9.39040e-07 3.58113e-07 -3.99164e-08
2.41270e+03 1.39173e-01 1.38215e-06 1.51211e-06 5.10634e-07 7.30989e-09
1.95830e+03 1.39173e-01 1.46109e-05 1.71598e-05 3.18083e-06 -3.95933e-07
7.59310e+02 1.39173e-01 2.01592e-02 2.31155e-02 1.18378e-03 3.65619e-04
5.82470e+02 1.39173e-01 8.03062e-02 9.24233e-02 3.68161e-03 -1.93681e-03
2.82120e+03 1.39173e-01 1.64318e-07 1.79247e-07 1.00692e-07 -3.44304e-09
3.40880e+03 1.39173e-01 9.49390e-09 1.06255e-08 7.25560e-09 -1.43254e-09
2.02460e+03 1.39173e-01 1.06922e-05 1.20724e-05 2.37444e-06 2.66031e-07
2.44060e+03 1.39173e-01 1.14929e-06 1.25337e-06 4.38405e-07 -2.58893e-08
1.81380e+03 1.39173e-01 3.29498e-05 3.60205e-05 6.01295e-06 -5.85704e-07
2.13880e+03 1.39173e-01 5.77337e-06 6.24225e-06 1.57934e-06 -2.20840e-07
1.23740e+03 1.39173e-01 8.27940e-04 9.68061e-04 7.14264e-05 -7.88463e-06
3.38560e+03 1.39173e-01 1.00492e-08 1.12316e-08 7.99894e-09 -1.17838e-09
1.81320e+03 1.39173e-01 3.28599e-05 3.71192e-05 5.78709e-06 1.48008e-07
2.89670e+03 1.39173e-01 1.09878e-07 1.22473e-07 7.63610e-08 -5.78175e-09
1.56930e+03 1.39173e-01 1.27146e-04 1.43081e-04 1.70012e-05 -4.74966e-07
3.08440e+03 1.39173e-01 4.39850e-08 4.88308e-08 2.86577e-08 -4.03915e-09
2.24320e+03 1.39173e-01 3.34419e-06 3.79694e-06 1.02054e-06 -2.95616e-08
2.23640e+03 1.39173e-01 3.48577e-06 3.81561e-06 1.08897e-06 -6.71936e-08
1.96450e+03 1.39173e-01 1.45272e-05 1.66119e-05 3.42068e-06 -2.06615e-07
1.94480e+03 1.39173e-01 1.57402e-05 1.83843e-05 3.29327e-06 1.21322e-07
1.76600e+03 1.39173e-01 4.29272e-05 4.85832e-05 7.70826e-06 -1.64942e-06
1.34280e+03 1.39173e-01 4.49092e-04 5.07704e-04 4.87426e-05 -1.15806e-05
3.04070e+03 1.39173e-01 5.49241e-08 5.91010e-08 3.82036e-08 -3.74537e-09
3.41220e+03 1.39173e-01 9.32559e-09 1.04268e-08 7.34871e-09 -1.20088e-09
3.31440e+03 1.39173e-01 1.40915e-08 1.58052e-08 1.09955e-08 -1.71446e-09
1.28460e+03 1.39173e-01 6.38508e-04 7.29928e-04 6.46147e-05 1.05378e-05
1.39980e+03 1.39173e-01 3.29204e-04 3.60940e-04 4.02031e-05 1.05899e-05
2.20900e+03 1.39173e-01 3.93746e-06 4.54295e-06 1.12590e-06 -9.73068e-08
2.74430e+03 1.39173e-01 2.40994e-07 2.67070e-07 1.42581e-07 -1.03582e-08
3.11500e+03 1.39173e-01 3.70886e-08 4.15289e-08 2.55615e-08 -2.55118e-09
2.83430e+03 1.39173e-01 1.50210e-07 1.67481e-07 9.41926e-08 -9.41722e-09
1.23580e+03 1.39173e-01 8.59129e-04 9.42039e-04 7.39400e-05 -3.58304e-05
1.30740e+03 1.39173e-01 5.71630e-04 6.61178e-04 5.10939e-05 3.70703e-06
2.46540e+03 1.39173e-01 1.00956e-06 1.13155e-06 4.29113e-07 -4.14729e-08
2.40290e+03 1.39173e-01 1.43813e-06 1.57490e-06 5.25611e-07 -1.97858e-08
1.43330e+03 1.39173e-01 2.76835e-04 3.20063e-04 2.86709e-05 -1.11153e-05
3.33640e+03 1.39173e-01 1.35324e-08 1.47841e-08 9.78331e-09 -1.70732e-09
2.39970e+03 1.39173e-01 1.45067e-06 1.53695e-06 5.12237e-07 3.78060e-08
3.37350e+03 1.39173e-01 1.09741e-08 1.23768e-08 8.58887e-09 -1.19996e-09
4.97970e+02 1.39173e-01 1.69120e-01 1.94579e-01 6.51743e-03 8.73452e-04
2.25510e+03 1.39173e-01 3.13202e-06 3.36808e-06 9.54666e-07 -5.39743e-08
2.83250e+03 1.39173e-01 1.56712e-07 1.63233e-07 9.62474e-08 -5.41317e-09
2.12440e+03 1.39173e-01 6.30375e-06 7.16275e-06 1.68962e-06 5.49575e-08
2.85290e+03 1.39173e-01 1.37221e-07 1.53637e-07 8.75949e-08 -1.17655e-08
1.13170e+03 1.39173e-01 1.63595e-03 1.84718e-03 1.41865e-04 -2.29789e-05
1.63290e+03 1.39173e-01 9.31564e-05 1.01523e-04 1.34441e-05 -2.16601e-06
2.18010e+03 1.39173e-01 4.71079e-06 5.06824e-06 1.33604e-06 -1.27375e-07
2.12590e+03 1.39173e-01 6.18064e-06 6.78590e-06 1.53928e-06 -1.32770e-07
1.65100e+03 1.39173e-01 7.90504e-05 8.77120e-05 1.19246e-05 -2.14937e-06
2.76210e+03 1.39173e-01 2.21597e-07 2.36646e-07 1.30272e-07 -1.01728e-08
1.75670e+03 1.39173e-01 4.49208e-05 5.04041e-05 7.61678e-06 -1.53253e-06
1.80470e+03 1.39173e-01 3.47047e-05 3.84546e-05 5.96575e-06 -8.71425e-07
3.43070e+03 1.39173e-01 8.69529e-09 9.51749e-09 6.19836e-09 -1.15162e-09
3.30040e+03 1.39173e-01 1.52713e-08 1.69233e-08 1.21690e-08 -1.73868e-09
1.87360e+03 1.39173e-01 2.44586e-05 2.65544e-05 4.54750e-06 6.08439e-07
2.33770e+03 1.39173e-01 2.06116e-06 2.24635e-06 6.87074e-07 -5.04453e-08
3.45860e+03 1.39173e-01 7.57609e-09 8.28964e-09 5.67734e-09 -1.11023e-09
9.70170e+02 1.39173e-01 4.41840e-03 5.14361e-03 2.98947e-04 -8.44948e-05
3.23400e+03 1.39173e-01 2.15416e-08 2.35488e-08 1.41282e-08 -2.46225e-09
1.96260e+03 1.39173e-01 1.48417e-05 1.60060e-05 3.23174e-06 8.17888e-08
3.14040e+03 1.39173e-01 3.37746e-08 3.60220e-08 2.23705e-08 -2.23157e-09
2.84940e+03 1.39173e-01 1.45917e-07 1.54595e-07 8.85799e-08 -6.22086e-09
3.30440e+03 1.39173e-01 1.54251e-08 1.64858e-08 1.19779e-08 -1.40719e-09
2.37400e+03 1.39173e-01 1.64525e-06 1.83088e-06 5.77657e-07 -2.31904e-09
2.01930e+03 1.39173e-01 1.10680e-05 1.22881e-05 2.45106e-06 -4.49035e-07
2.60780e+03 1.39173e-01 4.88619e-07 5.32998e-07 2.31543e-07 -1.11760e-08
2.36870e+03 1.39173e-01 1.68146e-06 1.92597e-06 5.98487e-07 -9.04832e-08
3.17300e+03 1.39173e-01 2.83410e-08 3.06629e-08 1.91271e-08 -1.80322e-09
2.67560e+03 1.39173e-01 3.47421e-07 3.80260e-07 1.77979e-07 -8.35608e-09
3.21690e+03 1.39173e-01 2.28494e-08 2.56719e-08 1.59586e-08 -2.68841e-09
2.67010e+03 1.39173e-01 3.61310e-07 3.91415e-07 1.81283e-07 -2.13205e-08
2.37540e+03 1.39173e-01 1.64073e-06 1.79314e-06 5.72885e-07 -3.91835e-08
9.83580e+02 1.39173e-01 4.15888e-03 4.70917e-03 3.40324e-04 3.13009e-05
1.63710e+03 1.39173e-01 8.51425e-05 9.85617e-05 1.21446e-05 1.18486e-06
2.80370e+03 1.39173e-01 1.78014e-07 2.01119e-07 1.13587e-07 -8.81944e-09
2.89910e+03 1.39173e-01 1.07600e-07 1.16754e-07 7.86796e-08 -4.08468e-09
1.76170e+03 1.39173e-01 4.32297e-05 4.79319e-05 7.72170e-06 3.67497e-07
2.49620e+03 1.39173e-01 8.53478e-07 9.60343e-07 3.54402e-07 -2.94735e-08
9.59660e+02 1.39173e-01 4.77850e-03 5.56320e-03 3.59802e-04 -1.87758e-06
1.28990e+03 1.39173e-01 6.27698e-04 6.79092e-04 5.58601e-05 2.50169e-05
2.60210e+03 1.39173e-01 5.10090e-07 5.39034e-07 2.33022e-07 -1.41594e-08
1.49300e+03 1.39173e-01 1.92762e-04 2.17083e-04 2.08726e-05 -1.63072e-06
2.40230e+03 1.39173e-01 1.38978e-06 1.59901e-06 5.34027e-07 -5.14951e-08
2.51140e+03 1.39173e-01 7.97753e-07 9.10629e-07 3.43578e-07 -2.24904e-08
2.14440e+03 1.39173e-01 5.56613e-06 6.20561e-06 1.42455e-06 -1.74809e-07
2.60760e+03 1.39173e-01 4.92616e-07 5.53194e-07 2.26343e-07 -1.83920e-08
1.61780e+03 1.39173e-01 9.55227e-05 1.05038e-04 1.32262e-05 -1.11118e-06
1.42350e+03 1.39173e-01 2.91771e-04 3.31415e-04 3.18543e-05 -1.71520e-05
3.21580e+03 1.39173e-01 2.36317e-08 2.50113e-08 1.67890e-08 -2.41070e-09
2.32790e+03 1.39173e-01 2.13507e-06 2.28250e-06 6.64307e-07 5.44358e-08
3.23570e+03 1.39173e-01 2.05440e-08 2.36175e-08 1.55974e-08 -2.19801e-09
3.45400e+03 1.39173e-01 7.66699e-09 8.67375e-09 6.16702e-09 -1.24463e-09
2.96750e+03 1.39173e-01 7.53371e-08 8.61414e-08 5.54420e-08 -3.82600e-09
2.11220e+03 1.39173e-01 6.67363e-06 7.08738e-06 1.65568e-06 -8.31693e-09
2.36590e+03 1.39173e-01 1.73857e-06 1.89710e-06 6.11626e-07 -1.60288e-08
2.00580e+03 1.39173e-01 1.17597e-05 1.31577e-05 2.56040e-06 1.83970e-07
5.07900e+02 1.39173e-01 1.49719e-01 1.78970e-01 5.99590e-03 -4.32016e-03
3.25930e+03 1.39173e-01 1.86072e-08 2.03116e-08 1.35199e-08 -1.88694e-09
2.66530e+03 1.39173e-01 3.48149e-07 3.95186e-07 1.75312e-07 -5.33617e-09
3.13340e+03 1.39173e-01 3.41742e-08 3.71077e-08 2.28648e-08 -3.17587e-09
9.68460e+02 1.39173e-01 4.60802e-03 5.38334e-03 3.23597e-04 9.82643e-06
2.05410e+03 1.39173e-01 9.12421e-06 9.85658e-06 2.05477e-06 -9.02519e-09
2.06360e+03 1.39173e-01 8.61423e-06 9.61124e-06 2.15508e-06 -7.97813e-08
2.44690e+03 1.39173e-01 1.11691e-06 1.22959e-06 4.59309e-07 -4.71709e-08
2.12600e+03 1.39173e-01 6.03580e-06 6.84165e-06 1.67614e-06 -1.90974e-07
6.41630e+02 1.39173e-01 4.62056e-02 5.52176e-02 2.49713e-03 2.76564e-04
3.49700e+03 1.39173e-01 6.62592e-09 7.01925e-09 4.80009e-09 -1.01450e-09
1.60260e+03 1.39173e-01 1.05585e-04 1.16118e-04 1.46334e-05 -1.35750e-06
2.21640e+03 1.39173e-01 3.86428e-06 4.25254e-06 1.10853e-06 4.50277e-08
1.38640e+03 1.39173e-01 3.47451e-04 3.93286e-04 3.81803e-05 -1.12926e-05
2.00810e+03 1.39173e-01 1.13480e-05 1.28494e-05 2.65068e-06 -4.06282e-07
3.33610e+03 1.39173e-01 1.34604e-08 1.44342e-08 8.91222e-09 -1.49781e-09
3.33480e+03 1.39173e-01 1.34929e-08 1.46044e-08 9.71104e-09 -2.20136e-09
2.59260e+03 1.39173e-01 5.33850e-07 5.72095e-07 2.51786e-07 -1.05068e-08
1.52350e+03 1.39173e-01 1.65976e-04 1.81895e-04 1.99251e-05 8.15909e-07
3.03010e+03 1.39173e-01 5.89374e-08 6.15267e-08 4.00185e-08 -5.49915e-09
3.33010e+03 1.39173e-01 1.40406e-08 1.52121e-08 9.99069e-09 -1.43146e-09
2.64790e+03 1.39173e-01 3.82525e-07 4.43813e-07 1.94348e-07 -1.47799e-08
2.08040e+03 1.39173e-01 7.73429e-06 8.41478e-06 1.85844e-06 -7.29328e-08
2.76960e+03 1.39173e-01 2.16375e-07 2.34425e-07 1.23615e-07 -1.28881e-08
2.33680e+03 1.39173e-01 1.99111e-06 2.27065e-06 7.07478e-07 2.46168e-08
1.07010e+03 1.39173e-01 2.42381e-03 2.75448e-03 1.87376e-04 -5.29711e-05
1.68810e+03 1.39173e-01 6.35857e-05 7.45133e-05 9.82468e-06 -1.58692e-06
3.36990e+03 1.39173e-01 1.13693e-08 1.25448e-08 7.94520e-09 -1.29691e-09
3.37120e+03 1.39173e-01 1.16846e-08 1.23033e-08 8.62986e-09 -1.04034e-09
6.09820e+02 1.39173e-01 6.27094e-02 7.43290e-02 2.94600e-03 -6.58951e-04
3.27410e+03 1.39173e-01 1.76528e-08 1.94751e-08 1.31822e-08 -2.67406e-09
2.65790e+03 1.39173e-01 3.77303e-07 4.14227e-07 1.91836e-07 -6.93492e-09
2.92390e+03 1.39173e-01 9.95641e-08 1.02705e-07 6.84914e-08 -9.06841e-09
3.10550e+03 1.39173e-01 3.81259e-08 4.26900e-08 2.56196e-08 -4.52081e-09
2.73090e+03 1.39173e-01 2.61694e-07 2.86767e-07 1.46715e-07 -1.75704e-08
1.02700e+03 1.39173e-01 2.96969e-03 3.62176e-03 2.34498e-04 1.59571e-04
1.22140e+03 1.39173e-01 9.47361e-04 1.05621e-03 7.81465e-05 2.58436e-06
1.52400e+03 1.39173e-01 1.61849e-04 1.85002e-04 1.99270e-05 -1.85297e-06
3.45280e+03 1.39173e-01 7.79380e-09 8.68498e-09 5.21733e-09 -1.10376e-09
2.70450e+03 1.39173e-01 2.88950e-07 3.21797e-07 1.60105e-07 -8.29648e-09
2.58240e+03 1.39173e-01 5.80628e-07 6.11228e-07 2.55876e-07 -2.92310e-08
2.56630e+03 1.39173e-01 5.93218e-07 6.49842e-07 2.74388e-07 -2.53874e-08
3.35210e+03 1.39173e-01 1.21826e-08 1.34778e-08 9.44828e-09 -1.56615e-09
3.19080e+03 1.39173e-01 2.62020e-08 2.86829e-08 1.81492e-08 -2.19247e-09
1.74910e+03 1.39173e-01 4.56456e-05 5.20476e-05 7.36784e-06 -6.05115e-07
7.94810e+02 1.39173e-01 1.48799e-02 1.71840e-02 7.96268e-04 2.88697e-04
3.33260e+03 1.39173e-01 1.32909e-08 1.50148e-08 9.91472e-09 -1.38734e-09
2.99670e+03 1.39173e-01 6.76600e-08 7.47030e-08 4.35056e-08 -5.76272e-09
2.52450e+03 1.39173e-01 7.34104e-07 8.44984e-07 3.24268e-07 -2.28703e-08
3.20590e+03 1.39173e-01 2.46211e-08 2.68130e-08 1.60300e-08 -2.66419e-09
2.77510e+03 1.39173e-01 2.03027e-07 2.25197e-07 1.18369e-07 -1.83219e-08
1.11590e+03 1.39173e-01 1.80714e-03 2.03625e-03 1.47451e-04 3.87616e-05
3.18450e+03 1.39173e-01 2.75836e-08 2.94261e-08 1.87627e-08 -2.53428e-09
2.92050e+03 1.39173e-01 9.94398e-08 1.07969e-07 6.93388e-08 -6.24392e-09
3.33840e+03 1.39173e-01 1.30031e-08 1.42895e-08 9.39437e-09 -1.72190e-09
1.64200e+03 1.39173e-01 8.32548e-05 9.57958e-05 1.21594e-05 -1.12221e-06
1.00660e+03 1.39173e-01 3.62161e-03 4.13659e-03 2.37160e-04 3.02012e-05
1.88990e+03 1.39173e-01 2.20014e-05 2.31128e-05 4.25509e-06 -1.80001e-07
2.09540e+03 1.39173e-01 7.41846e-06 8.04740e-06 1.77067e-06 2.20303e-08
2.74950e+03 1.39173e-01 2.37680e-07 2.55684e-07 1.44008e-07 -6.70185e-09
1.95870e+03 1.39173e-01 1.47132e-05 1.67413e-05 3.13176e-06 -2.79424e-07
2.35400e+03 1.39173e-01 1.86072e-06 2.06983e-06 6.37353e-07 -7.69622e-08
8.74170e+02 1.39173e-01 8.88989e-03 9.98092e-03 5.56424e-04 5.44140e-05
3.05690e+03 1.39173e-01 4.92306e-08 5.44442e-08 3.38901e-08 -5.92552e-09
2.37170e+03 1.39173e-01 1.70190e-06 1.87423e-06 5.62303e-07 -9.94575e-10
7.64730e+02 1.39173e-01 1.91795e-02 2.17659e-02 1.14614e-03 2.76642e-04
2.09100e+03 1.39173e-01 7.56648e-06 8.15466e-06 1.82627e-06 4.59734e-08
3.08680e+03 1.39173e-01 4.22001e-08 4.74884e-08 2.82517e-08 -2.69697e-09
2.68830e+03 1.39173e-01 3.36208e-07 3.59003e-07 1.64244e-07 -1.21728e-08
2.49850e+03 1.39173e-01 8.42085e-07 9.78398e-07 3.69201e-07 -3.47080e-08
2.88820e+03 1.39173e-01 1.18068e-07 1.25112e-07 7.79829e-08 -8.26275e-09
3.11610e+03 1.39173e-01 3.73895e-08 4.14535e-08 2.45301e-08 -1.68628e-09
3.00310e+03 1.39173e-01 6.44591e-08 7.18693e-08 4.38845e-08 -4.34160e-09
3.23630e+03 1.39173e-01 2.14972e-08 2.33672e-08 1.55904e-08 -2.02583e-09
2.59130e+03 1.39173e-01 5.15179e-07 5.97399e-07 2.38853e-07 -1.44998e-08
2.70990e+03 1.39173e-01 2.90626e-07 3.16630e-07 1.57207e-07 -1.37842e-08
3.49200e+03 1.39173e-01 6.46670e-09 7.21490e-09 5.16451e-09 -9.59538e-10
2.41300e+03 1.39173e-01 1.34678e-06 1.43442e-06 4.70463e-07 -3.73414e-08
1.64130e+03 1.39173e-01 8.66523e-05 9.34162e-05 1.29553e-05 2.24565e-06
2.85210e+03 1.39173e-01 1.38472e-07 1.55124e-07 8.91671e-08 -9.26250e-09
2.36020e+03 1.39173e-01 1.79185e-06 1.98216e-06 5.94759e-07 -8.61576e-09
2.91650e+03 1.39173e-01 9.83718e-08 1.10914e-07 6.94358e-08 -1.08773e-08
3.43020e+03 1.39173e-01 8.68679e-09 9.37283e-09 6.43540e-09 -1.25685e-09
3.35680e+03 1.39173e-01 1.21269e-08 1.29130e-08 8.64579e-09 -1.36701e-09
2.11200e+03 1.39173e-01 6.68647e-06 7.45104e-06 1.56710e-06 -5.37396e-08
2.88930e+03 1.39173e-01 1.14229e-07 1.25187e-07 7.57662e-08 -8.17899e-09
1.94020e+03 1.39173e-01 1.71003e-05 1.82150e-05 3.53510e-06 -1.01723e-06
3.14240e+03 1.39173e-01 3.36531e-08 3.68568e-08 2.16826e-08 -2.50113e-09
1.85360e+03 1.39173e-01 2.63792e-05 2.92877e-05 4.85276e-06 -7.68127e-07
2.77300e+03 1.39173e-01 2.04068e-07 2.36105e-07 1.22695e-07 -8.52355e-09
1.95020e+03 1.39173e-01 1.57907e-05 1.76435e-05 3.23185e-06 -1.20679e-07
3.28000e+03 1.39173e-01 1.72502e-08 1.89156e-08 1.19395e-08 -2.00909e-09
1.34600e+03 1.39173e-01 4.42084e-04 4.90938e-04 4.58368e-05 -1.91634e-05
1.95800e+03 1.39173e-01 1.53119e-05 1.63946e-05 3.18434e-06 2.72250e-07
2.70000e+03 1.39173e-01 3.05241e-07 3.36734e-07 1.57808e-07 -1.96841e-08
2.73560e+03 1.39173e-01 2.50042e-07 2.86094e-07 1.50761e-07 -7.43135e-09
1.32940e+03 1.39173e-01 5.01901e-04 5.49065e-04 4.57942e-05 -1.15800e-05
3.12960e+03 1.39173e-01 3.50832e-08 3.84898e-08 2.34580e-08 -2.60404e-09
1.98400e+03 1.39173e-01 1.31068e-05 1.44825e-05 2.97682e-06 -2.72496e-07
3.17050e+03 1.39173e-01 2.85567e-08 3.16338e-08 1.91915e-08 -2.26776e-09
3.04750e+03 1.39173e-01 5.23196e-08 5.69398e-08 3.56540e-08 -4.75653e-09
9.39980e+02 1.39173e-01 5.34646e-03 6.25457e-03 3.34370e-04 2.53376e-05
2.05670e+03 1.39173e-01 8.87733e-06 9.84219e-06 2.16221e-06 -1.70308e-07
2.89010e+03 1.39173e-01 1.17715e-07 1.25114e-07 8.11144e-08 -9.09731e-09
1.27300e+03 1.39173e-01 7.19827e-04 7.94066e-04 6.63000e-05 7.56139e-06
2.60030e+03 1.39173e-01 5.05176e-07 5.69771e-07 2.39606e-07 -7.27025e-09
3.02010e+03 1.39173e-01 6.14098e-08 6.56376e-08 4.28022e-08 -4.52536e-09
1.40020e+03 1.39173e-01 3.28466e-04 3.61069e-04 3.72011e-05 1.47881e-06
2.07980e+03 1.39173e-01 7.88373e-06 9.01855e-06 1.96846e-06 -6.39915e-09
1.98940e+03 1.39173e-01 1.29071e-05 1.44188e-05 2.88358e-06 -1.02144e-07
2.95420e+03 1.39173e-01 8.28637e-08 9.32846e-08 6.05898e-08 -3.49873e-09
2.29020e+03 1.39173e-01 2.49232e-06 2.80136e-06 8.57894e-07 -5.95020e-08
2.31560e+03 1.39173e-01 2.24471e-06 2.51957e-06 7.37542e-07 7.79440e-08
3.26790e+03 1.39173e-01 1.83777e-08 1.98292e-08 1.25675e-08 -1.93320e-09
3.17700e+03 1.39173e-01 2.85262e-08 3.06884e-08 1.97024e-08 -3.13923e-09
2.06950e+03 1.39173e-01 8.49512e-06 9.24343e-06 2.06996e-06 -2.77500e-07
1.81970e+03 1.39173e-01 3.04870e-05 3.51076e-05 5.72811e-06 -4.99826e-08
2.62230e+03 1.39173e-01 4.51222e-07 4.85406e-07 2.22491e-07 -1.44527e-08
3.47570e+03 1.39173e-01 7.12932e-09 7.87442e-09 5.35664e-09 -9.67618e-10
3.46120e+03 1.39173e-01 7.39051e-09 8.27742e-09 5.20750e-09 -9.51748e-10
2.84990e+03 1.39173e-01 1.40318e-07 1.55869e-07 9.18030e-08 -5.45786e-09
3.08210e+03 1.39173e-01 4.44036e-08 4.77592e-08 2.82531e-08 -5.08607e-09
1.19050e+03 1.39173e-01 1.10695e-03 1.24068e-03 1.02505e-04 -3.98161e-05
1.88860e+03 1.39173e-01 2.22476e-05 2.44188e-05 4.43555e-06 -2.23996e-07
3.39260e+03 1.39173e-01 9.99654e-09 1.09814e-08 7.01438e-09 -1.18221e-09
2.17050e+03 1.39173e-01 4.80951e-06 5.45529e-06 1.34772e-06 -7.69370e-08
2.33520e+03 1.39173e-01 1.94278e-06 2.22373e-06 6.81061e-07 -9.89628e-08
1.51370e+03 1.39173e-01 1.70506e-04 1.97409e-04 2.30649e-05 -5.21416e-06
3.47080e+03 1.39173e-01 7.13222e-09 7.95713e-09 5.40711e-09 -7.86411e-10
2.51450e+03 1.39173e-01 7.81912e-07 8.84845e-07 3.33386e-07 -6.09953e-08
1.13460e+03 1.39173e-01 1.58331e-03 1.79763e-03 1.10783e-04 2.25598e-05
2.79510e+03 1.39173e-01 1.88168e-07 2.04100e-07 1.17050e-07 -1.21907e-08
9.44170e+02 1.39173e-01 5.56465e-03 6.66854e-03 4.32126e-04 -3.08298e-04
3.46990e+03 1.39173e-01 7.18186e-09 8.10406e-09 5.30254e-09 -9.28518e-10
1.63580e+03 1.39173e-01 8.85357e-05 9.78462e-05 1.26063e-05 -2.77443e-06
2.34440e+03 1.39173e-01 1.87471e-06 2.09693e-06 6.61667e-07 -9.49854e-08
2.29040e+03 1.39173e-01 2.54575e-06 2.91524e-06 7.95831e-07 -1.75655e-08
1.05470e+03 1.39173e-01 2.59993e-03 2.98807e-03 1.79136e-04 -5.28251e-06
2.17910e+03 1.39173e-01 4.71937e-06 5.10315e-06 1.34241e-06 -7.51193e-08
2.81270e+03 1.39173e-01 1.65896e-07 1.83238e-07 1.03594e-07 -4.46469e-09
1.76360e+03 1.39173e-01 4.38980e-05 4.86042e-05 7.88077e-06 1.84943e-06
2.59040e+03 1.39173e-01 5.39887e-07 5.90087e-07 2.44643e-07 -2.75084e-08
1.73560e+03 1.39173e-01 5.00090e-05 5.53666e-05 8.22644e-06 3.70558e-07
3.18080e+03 1.39173e-01 2.67839e-08 2.99373e-08 2.03086e-08 -2.62634e-09
9.49880e+02 1.39173e-01 5.17392e-03 5.87809e-03 3.56718e-04 -1.44871e-04
1.55250e+03 1.39173e-01 1.42233e-04 1.57306e-04 1.66876e-05 -1.35862e-06
3.83350e+02 1.39173e-01 5.39091e-01 6.40719e-01 2.03936e-02 -4.35706e-03
1.88680e+03 1.39173e-01 2.26483e-05 2.43260e-05 4.43801e-06 -3.09431e-07
9.06400e+02 1.39173e-01 6.73618e-03 8.03721e-03 4.19406e-04 -1.81496e-05
1.38700e+03 1.39173e-01 3.52360e-04 3.93874e-04 3.66234e-05 -7.06062e-06
3.15250e+03 1.39173e-01 3.09588e-08 3.43993e-08 2.05987e-08 -3.06649e-09
1.55480e+03 1.39173e-01 1.35267e-04 1.55316e-04 1.73978e-05 2.41130e-06
1.80380e+03 1.39173e-01 3.46417e-05 3.82870e-05 5.92157e-06 1.37473e-06
2.86020e+03 1.39173e-01 1.33889e-07 1.48719e-07 8.75125e-08 -8.48429e-09
3.31600e+03 1.39173e-01 1.44517e-08 1.60042e-08 1.06394e-08 -1.88372e-09
2.28500e+03 1.39173e-01 2.62990e-06 2.89186e-06 8.59057e-07 -2.72489e-08
3.11950e+03 1.39173e-01 3.68381e-08 4.07787e-08 2.49082e-08 -3.39642e-09
2.84810e+03 1.39173e-01 1.42335e-07 1.59371e-07 9.03150e-08 -7.12487e-09
2.72220e+03 1.39173e-01 2.71389e-07 3.06297e-07 1.51750e-07 -1.42992e-08
2.73870e+03 1.39173e-01 2.36566e-07 2.74532e-07 1.38413e-07 -9.41048e-09
3.08740e+03 1.39173e-01 4.16607e-08 4.58879e-08 2.95143e-08 -3.80889e-09
2.87720e+03 1.39173e-01 1.20981e-07 1.37452e-07 8.12893e-08 -7.05990e-09
1.68900e+03 1.39173e-01 6.65400e-05 7.47511e-05 9.80392e-06 -1.02932e-06
2.22160e+03 1.39173e-01 3.82355e-06 4.15342e-06 1.09352e-06 -1.34167e-07
2.09420e+03 1.39173e-01 7.21235e-06 7.89729e-06 1.78980e-06 -2.65891e-08
3.21610e+03 1.39173e-01 2.37375e-08 2.61824e-08 1.51808e-08 -2.04386e-09
2.24820e+03 1.39173e-01 3.18034e-06 3.65656e-06 9.83098e-07 3.61598e-08
2.98570e+03 1.39173e-01 7.10452e-08 7.75272e-08 5.26130e-08 -3.15408e-09
3.12220e+03 1.39173e-01 3.64308e-08 3.99889e-08 2.52314e-08 -3.77797e-09
2.27980e+03 1.39173e-01 2.64950e-06 2.95381e-06 8.35342e-07 -4.26282e-08
3.41090e+03 1.39173e-01 9.28336e-09 1.00052e-08 6.73963e-09 -1.36511e-09
3.17430e+03 1.39173e-01 2.79417e-08 2.99681e-08 1.93673e-08 -2.36775e-09
2.90950e+03 1.39173e-01 1.03950e-07 1.15157e-07 7.17716e-08 -8.35378e-09
2.86040e+03 1.39173e-01 1.29209e-07 1.49628e-07 8.31704e-08 -9.71396e-09
3.17580e+03 1.39173e-01 2.80248e-08 3.09002e-08 1.89561e-08 -2.16268e-09
2.64810e+03 1.39173e-01 3.92307e-07 4.28741e-07 1.86993e-07 -1.47129e-08
1.57970e+03 1.39173e-01 1.16620e-04 1.30891e-04 1.56564e-05 2.02886e-06
2.28620e+03 1.39173e-01 2.60933e-06 2.89261e-06 8.11311e-07 -1.39364e-07
2.96380e+03 1.39173e-01 7.85295e-08 8.53744e-08 5.68128e-08 -7.29021e-09
2.84970e+03 1.39173e-01 1.45354e-07 1.56122e-07 8.70199e-08 -5.54799e-09
3.18350e+03 1.39173e-01 2.70676e-08 2.92818e-08 1.89743e-08 -2.98563e-09
2.12440e+03 1.39173e-01 6.20521e-06 6.87661e-06 1.56276e-06 -2.54497e-07
3.27310e+03 1.39173e-01 1.77331e-08 1.94882e-08 1.37873e-08 -2.21519e-09
1.17630e+03 1.39173e-01 1.26228e-03 1.43002e-03 1.15065e-04 1.26409e-05
1.88030e+03 1.39173e-01 2.28719e-05 2.56897e-05 4.66135e-06 -5.55171e-07
3.01810e+03 1.39173e-01 6.02632e-08 6.45373e-08 4.19370e-08 -5.65953e-09
1.74980e+03 1.39173e-01 4.64592e-05 5.18405e-05 7.53103e-06 -5.18427e-07
7.96830e+02 1.39173e-01 1.49836e-02 1.70063e-02 1.08063e-03 3.43232e-04
2.68270e+03 1.39173e-01 3.34024e-07 3.66933e-07 1.68136e-07 -1.54554e-08
3.44740e+03 1.39173e-01 7.79368e-09 8.80995e-09 5.43413e-09 -1.22466e-09
2.65580e+03 1.39173e-01 3.76654e-07 4.16572e-07 1.89874e-07 -1.01603e-08
2.54680e+03 1.39173e-01 6.49708e-07 7.28294e-07 2.92754e-07 -1.36439e-08
2.93960e+03 1.39173e-01 9.14544e-08 9.76620e-08 5.92534e-08 -6.87530e-09
3.46480e+03 1.39173e-01 7.35726e-09 8.16070e-09 5.58407e-09 -9.44379e-10
2.78760e+03 1.39173e-01 1.94299e-07 2.15389e-07 1.17638e-07 -5.39825e-09
1.70470e+03 1.39173e-01 5.69022e-05 6.67430e-05 9.22041e-06 -2.31078e-06
3.03960e+03 1.39173e-01 5.34475e-08 5.86560e-08 3.76405e-08 -4.21706e-09
2.68480e+03 1.39173e-01 3.33459e-07 3.54830e-07 1.76967e-07 -9.62139e-09
3.07630e+03 1.39173e-01 4.56282e-08 4.96492e-08 2.89750e-08 -2.06599e-09
5.81820e+02 1.39173e-01 7.96904e-02 9.31789e-02 3.68815e-03 -1.58676e-04
3.36600e+03 1.39173e-01 1.19239e-08 1.24203e-08 8.26912e-09 -1.49837e-09
3.41070e+03 1.39173e-01 9.37317e-09 1.04200e-08 7.39518e-09 -1.02283e-09
2.71480e+03 1.39173e-01 2.89603e-07 3.09719e-07 1.49270e-07 -1.13767e-08
2.85130e+03 1.39173e-01 1.36794e-07 1.49262e-07 8.77555e-08 -2.90199e-09
3.04550e+03 1.39173e-01 5.26070e-08 5.82400e-08 3.67541e-08 -5.04654e-09
1.80260e+03 1.39173e-01 3.55820e-05 3.86049e-05 6.00436e-06 -1.73541e-07
6.81190e+02 1.39173e-01 3.49208e-02 4.03729e-02 1.62181e-03 3.48086e-05
1.93040e+03 1.39173e-01 1.72904e-05 1.95783e-05 3.88203e-06 -2.80326e-07
2.12850e+03 1.39173e-01 6.23929e-06 6.54032e-06 1.55049e-06 2.26847e-07
2.11460e+03 1.39173e-01 6.34657e-06 7.18984e-06 1.71607e-06 -2.51661e-07
2.43510e+03 1.39173e-01 1.21577e-06 1.33703e-06 4.44896e-07 -3.04559e-08
7.42510e+02 1.39173e-01 2.08865e-02 2.51716e-02 1.59733e-03 7.33467e-04
2.80620e+03 1.39173e-01 1.73861e-07 1.95805e-07 1.10687e-07 -8.35668e-09
5.85990e+02 1.39173e-01 7.79361e-02 8.98103e-02 3.53095e-03 -2.28202e-04
1.65430e+03 1.39173e-01 7.69584e-05 8.74492e-05 1.18288e-05 9.92182e-07
2.85950e+03 1.39173e-01 1.34986e-07 1.51104e-07 8.34502e-08 -7.57733e-09
3.16690e+03 1.39173e-01 2.93744e-08 3.29322e-08 1.94561e-08 -2.34992e-09
2.48980e+03 1.39173e-01 9.23325e-07 1.00783e-06 3.75043e-07 2.40820e-09
2.75760e+03 1.39173e-01 2.30107e-07 2.55683e-07 1.30730e-07 -1.14715e-08
1.82520e+03 1.39173e-01 3.09208e-05 3.44985e-05 5.80854e-06 -9.90692e-07
2.27630e+03 1.39173e-01 2.81884e-06 3.11213e-06 9.04281e-07 2.73215e-08
3.35680e+03 1.39173e-01 1.19710e-08 1.29845e-08 8.70121e-09 -9.19309e-10
3.36420e+03 1.39173e-01 1.19010e-08 1.26624e-08 8.61308e-09 -1.13780e-09
2.61590e+03 1.39173e-01 4.80047e-07 5.26547e-07 2.18802e-07 -1.92145e-08
2.58730e+03 1.39173e-01 5.45375e-07 5.89793e-07 2.64176e-07 -2.98082e-08
1.28060e+03 1.39173e-01 6.35023e-04 7.47634e-04 6.08315e-05 1.03153e-06
1.45040e+03 1.39173e-01 2.49585e-04 2.84623e-04 2.84255e-05 -4.80487e-06
2.40290e+03 1.39173e-01 1.40421e-06 1.57677e-06 5.06344e-07 1.74514e-08
2.25450e+03 1.39173e-01 3.19490e-06 3.40034e-06 9.79028e-07 7.64548e-09
1.15700e+03 1.39173e-01 1.39109e-03 1.59013e-03 1.16446e-04 2.02933e-05
7.02260e+02 1.39173e-01 3.01738e-02 3.44953e-02 1.68025e-03 9.34099e-04
3.02380e+03 1.39173e-01 5.90690e-08 6.62601e-08 3.95237e-08 -3.36683e-09
3.26890e+03 1.39173e-01 1.76076e-08 2.00104e-08 1.29615e-08 -2.00665e-09
3.06700e+03 1.39173e-01 4.73591e-08 4.95606e-08 3.24013e-08 -3.90549e-09
2.58550e+03 1.39173e-01 5.67766e-07 6.15128e-07 2.56009e-07 -3.42473e-08
2.75880e+03 1.39173e-01 2.28005e-07 2.42530e-07 1.27876e-07 -1.00346e-08
2.34780e+03 1.39173e-01 1.90477e-06 2.10619e-06 6.40093e-07 -1.38223e-08
2.26880e+03 1.39173e-01 2.85011e-06 3.16981e-06 8.78479e-07 1.94889e-08
1.20830e+03 1.39173e-01 1.00622e-03 1.17751e-03 8.85251e-05 -3.97670e-05
1.78800e+03 1.39173e-01 3.70412e-05 4.24548e-05 6.82869e-06 -8.60395e-08
3.42280e+03 1.39173e-01 8.97299e-09 1.00082e-08 7.14337e-09 -1.01527e-09
3.25430e+03 1.39173e-01 1.96376e-08 2.10593e-08 1.30420e-08 -1.82872e-09
1.98590e+03 1.39173e-01 1.30466e-05 1.44152e-05 2.93736e-06 1.81159e-07
2.51620e+03 1.39173e-01 7.75359e-07 8.52820e-07 3.30339e-07 -5.45674e-08
7.23070e+02 1.39173e-01 2.39861e-02 2.89503e-02 1.29112e-03 -4.60021e-04
1.22590e+03 1.39173e-01 9.06025e-04 1.01933e-03 8.52733e-05 2.04362e-05
3.15520e+03 1.39173e-01 3.00107e-08 3.42821e-08 2.23389e-08 -2.68804e-09
1.44210e+03 1.39173e-01 2.64217e-04 2.88466e-04 3.12684e-05 -1.22138e-05
3.11930e+03 1.39173e-01 3.82352e-08 3.93341e-08 2.44959e-08 -3.32998e-09
3.40720e+03 1.39173e-01 9.47301e-09 1.07833e-08 7.08989e-09 -9.45413e-10
2.04630e+03 1.39173e-01 9.48381e-06 1.02575e-05 2.15343e-06 -2.49422e-07
3.50500e+03 1.39173e-01 6.13042e-09 6.72779e-09 4.69112e-09 -8.45180e-10
1.73630e+03 1.39173e-01 4.90830e-05 5.73134e-05 8.76753e-06 1.55535e-06
2.54080e+03 1.39173e-01 6.71193e-07 7.52031e-07 2.95780e-07 2.33759e-09
3.22390e+03 1.39173e-01 2.19127e-08 2.42260e-08 1.47113e-08 -1.95797e-09
1.34010e+03 1.39173e-01 4.72834e-04 5.37926e-04 4.53794e-05 1.80001e-05
1.52090e+03 1.39173e-01 1.64210e-04 1.92175e-04 2.07721e-05 -6.18411e-06
2.43000e+03 1.39173e-01 1.26652e-06 1.38389e-06 4.86235e-07 -8.09716e-08
2.42070e+03 1.39173e-01 1.31489e-06 1.42426e-06 4.85543e-07 -3.29611e-09
3.24790e+03 1.39173e-01 1.98086e-08 2.22020e-08 1.33547e-08 -2.19647e-09
2.85570e+03 1.39173e-01 1.35362e-07 1.50300e-07 8.54192e-08 -2.69870e-09
1.66270e+03 1.39173e-01 7.69019e-05 8.55004e-05 1.08835e-05 3.03015e-06
1.79580e+03 1.39173e-01 3.63896e-05 4.00246e-05 6.29179e-06 -2.08242e-07
3.18890e+03 1.39173e-01 2.66720e-08 2.94654e-08 1.79276e-08 -1.73000e-09
2.03450e+03 1.39173e-01 9.82149e-06 1.12376e-05 2.30029e-06 2.52144e-08
2.68710e+03 1.39173e-01 3.24117e-07 3.59160e-07 1.68197e-07 -1.80489e-08
1.65320e+03 1.39173e-01 7.86658e-05 8.69645e-05 1.15747e-05 -2.70802e-06
3.06060e+03 1.39173e-01 4.86248e-08 5.25986e-08 3.34781e-08 -4.39835e-09
3.44380e+03 1.39173e-01 8.10401e-09 9.18659e-09 5.94645e-09 -8.19270e-10
1.49840e+03 1.39173e-01 1.84992e-04 2.08683e-04 2.32168e-05 -8.08552e-07
2.44350e+03 1.39173e-01 1.16967e-06 1.26954e-06 4.34488e-07 -4.05731e-08
3.14430e+03 1.39173e-01 3.26069e-08 3.56164e-08 2.11816e-08 -2.51656e-09
3.03900e+03 1.39173e-01 5.50556e-08 5.93979e-08 3.56580e-08 -5.57812e-09
3.08130e+03 1.39173e-01 4.54258e-08 4.80456e-08 2.95094e-08 -4.71665e-09
3.25360e+03 1.39173e-01 1.91427e-08 2.10538e-08 1.45171e-08 -1.25423e-09
5.83920e+02 1.39173e-01 7.77674e-02 9.13919e-02 3.76976e-03 -1.34090e-03
3.49070e+03 1.39173e-01 6.45346e-09 7.03652e-09 4.78730e-09 -8.15778e-10
2.30960e+03 1.39173e-01 2.34510e-06 2.63515e-06 7.61376e-07 -2.56538e-08
2.40370e+03 1.39173e-01 1.41225e-06 1.63499e-06 5.03488e-07 -8.09565e-08
1.87490e+03 1.39173e-01 2.30684e-05 2.61924e-05 4.55241e-06 9.74599e-08
2.78860e+03 1.39173e-01 1.92974e-07 2.16423e-07 1.13821e-07 -1.49564e-08
3.30320e+03 1.39173e-01 1.50689e-08 1.65343e-08 1.13191e-08 -2.05120e-09
1.99960e+03 1.39173e-01 1.22157e-05 1.33174e-05 2.72010e-06 -7.33675e-08
2.80570e+03 1.39173e-01 1.80287e-07 1.92046e-07 1.09472e-07 -9.79032e-09
8.66370e+02 1.39173e-01 9.10512e-03 1.06366e-02 5.96373e-04 1.73368e-05
3.25550e+03 1.39173e-01 1.89195e-08 2.11350e-08 1.32755e-08 -1.99119e-09
2.81870e+03 1.39173e-01 1.66005e-07 1.77730e-07 9.54551e-08 -5.12174e-09
2.70720e+03 1.39173e-01 2.91661e-07 3.20510e-07 1.57491e-07 -9.29159e-09
1.77340e+03 1.39173e-01 4.04886e-05 4.50270e-05 7.63052e-06 -4.97279e-07
2.70650e+03 1.39173e-01 2.85234e-07 3.34968e-07 1.56293e-07 -5.27538e-09
1.91440e+03 1.39173e-01 1.94345e-05 2.14814e-05 3.70706e-06 -3.17972e-07
1.17540e+03 1.39173e-01 1.20456e-03 1.38961e-03 1.05546e-04 -2.80179e-06
3.29870e+03 1.39173e-01 1.58455e-08 1.74417e-08 1.09692e-08 -1.94105e-09
3.43780e+03 1.39173e-01 8.25581e-09 9.06431e-09 5.75564e-09 -1.23974e-09
3.47490e+03 1.39173e-01 7.15251e-09 7.88175e-09 5.59806e-09 -6.62712e-10
2.88740e+03 1.39173e-01 1.13490e-07 1.23539e-07 7.64954e-08 -2.59182e-09
3.05740e+03 1.39173e-01 4.99002e-08 5.40022e-08 3.23210e-08 -3.71583e-09
3.46310e+03 1.39173e-01 7.60101e-09 8.37027e-09 5.61876e-09 -9.92027e-10
2.63790e+03 1.39173e-01 4.04530e-07 4.76124e-07 2.03933e-07 -7.42042e-09
2.97300e+03 1.39173e-01 7.56107e-08 7.93410e-08 5.26608e-08 -4.73862e-09
2.08050e+03 1.39173e-01 7.68368e-06 8.49484e-06 1.93104e-06 -4.00882e-07
2.72190e+03 1.39173e-01 2.80039e-07 2.97105e-07 1.48059e-07 -7.95708e-09
2.89070e+03 1.39173e-01 1.14212e-07 1.24616e-07 7.60785e-08 -8.10081e-09
1.96530e+03 1.39173e-01 1.41643e-05 1.56322e-05 3.09917e-06 -6.34342e-07
3.04760e+03 1.39173e-01 5.11262e-08 5.75622e-08 3.44868e-08 -2.86469e-09
3.22120e+03 1.39173e-01 2.24198e-08 2.50208e-08 1.57718e-08 -1.33425e-09
2.69750e+03 1.39173e-01 3.04648e-07 3.38425e-07 1.55078e-07 -1.13104e-08
2.79710e+03 1.39173e-01 1.80712e-07 2.00431e-07 1.10041e-07 -1.50356e-08
7.09340e+02 1.39173e-01 2.83791e-02 3.20032e-02 1.61725e-03 1.06767e-03
2.29650e+03 1.39173e-01 2.56310e-06 2.74960e-06 8.14634e-07 -2.51423e-08
2.42260e+03 1.39173e-01 1.29283e-06 1.46159e-06 4.96374e-07 9.04992e-09
2.37500e+03 1.39173e-01 1.61799e-06 1.79866e-06 5.72711e-07 1.22993e-08
1.91840e+03 1.39173e-01 1.91063e-05 2.09030e-05 3.83621e-06 -1.74492e-07
8.45750e+02 1.39173e-01 1.07518e-02 1.16014e-02 6.09170e-04 -1.88137e-04
3.35870e+03 1.39173e-01 1.18442e-08 1.34190e-08 9.19279e-09 -1.90898e-09
3.19960e+03 1.39173e-01 2.50618e-08 2.80993e-08 1.72944e-08 -3.07333e-09
2.06140e+03 1.39173e-01 8.82906e-06 9.62451e-06 2.11040e-06 -4.20837e-07
3.38770e+03 1.39173e-01 1.01810e-08 1.16556e-08 8.44208e-09 -1.02840e-09
1.15090e+03 1.39173e-01 1.38793e-03 1.66366e-03 1.15842e-04 -2.52209e-05
1.66290e+03 1.39173e-01 7.57180e-05 8.47430e-05 1.06187e-05 1.10314e-06
3.12520e+03 1.39173e-01 3.57903e-08 3.88268e-08 2.48494e-08 -2.99420e-09
1.31420e+03 1.39173e-01 5.37685e-04 6.24392e-04 5.37507e-05 -6.13451e-06
2.79270e+03 1.39173e-01 1.87726e-07 2.03785e-07 1.12171e-07 -1.28903e-08
2.13320e+03 1.39173e-01 5.91493e-06 6.44824e-06 1.58698e-06 1.19461e-07
1.12180e+03 1.39173e-01 1.72854e-03 2.00105e-03 1.42653e-04 -3.37045e-06
3.03170e+03 1.39173e-01 5.57658e-08 6.06550e-08 3.72609e-08 -4.74936e-09
2.72190e+03 1.39173e-01 2.73699e-07 2.89672e-07 1.45461e-07 -1.12543e-08
1.95640e+03 1.39173e-01 1.49551e-05 1.71283e-05 3.05993e-06 3.11269e-08
3.26470e+03 1.39173e-01 1.84144e-08 1.96557e-08 1.41945e-08 -2.49478e-09
2.21630e+03 1.39173e-01 3.71144e-06 4.16256e-06 1.08085e-06 -8.03359e-08
2.38360e+03 1.39173e-01 1.55679e-06 1.76800e-06 5.53357e-07 -1.78677e-08
1.92160e+03 1.39173e-01 1.82525e-05 1.95355e-05 3.83513e-06 -3.63186e-07
3.18160e+03 1.39173e-01 2.75982e-08 2.90202e-08 1.88022e-08 -1.60853e-09
1.57640e+03 1.39173e-01 1.23910e-04 1.40922e-04 1.57579e-05 -2.42058e-06
3.16730e+03 1.39173e-01 2.92529e-08 3.18950e-08 1.92032e-08 -1.50870e-09
3.25880e+03 1.39173e-01 1.94309e-08 2.08856e-08 1.25142e-08 -1.74831e-09
3.48430e+03 1.39173e-01 6.80170e-09 7.59083e-09 5.11578e-09 -9.42681e-10
3.33560e+03 1.39173e-01 1.35756e-08 1.44692e-08 1.01026e-08 -1.76675e-09
3.22640e+03 1.39173e-01 2.16764e-08 2.38848e-08 1.59087e-08 -2.07123e-09
1.31440e+03 1.39173e-01 5.50019e-04 6.19668e-04 5.34161e-05 1.47537e-05
2.98770e+03 1.39173e-01 7.00892e-08 7.78280e-08 4.63418e-08 -3.01397e-09
3.37070e+03 1.39173e-01 1.10094e-08 1.23955e-08 8.41851e-09 -1.06725e-09
3.09290e+03 1.39173e-01 4.20010e-08 4.63374e-08 2.79537e-08 -4.44151e-09
6.98400e+02 1.39173e-01 3.01422e-02 3.58324e-02 1.50676e-03 -3.48776e-04
2.91430e+03 1.39173e-01 1.03791e-07 1.06831e-07 6.88121e-08 -3.95056e-09
1.77070e+03 1.39173e-01 4.08920e-05 4.50093e-05 7.34331e-06 -4.26522e-07
2.26820e+03 1.39173e-01 2.91172e-06 3.29470e-06 8.80443e-07 -9.18195e-08
3.10650e+03 1.39173e-01 3.98361e-08 4.32377e-08 2.54946e-08 -4.17286e-09
2.36150e+03 1.39173e-01 1.75166e-06 1.93368e-06 6.10540e-07 -1.62204e-08
2.76180e+03 1.39173e-01 2.21849e-07 2.45184e-07 1.32333e-07 -1.17478e-08
2.99490e+03 1.39173e-01 6.68702e-08 7.51570e-08 4.96717e-08 -8.16925e-09
3.42260e+03 1.39173e-01 9.17941e-09 9.88293e-09 7.32560e-09 -1.27236e-09
2.60020e+03 1.39173e-01 5.03361e-07 5.62434e-07 2.32863e-07 -1.16564e-08
3.17200e+03 1.39173e-01 2.89369e-08 3.11975e-08 1.99507e-08 -4.29269e-09
2.17040e+03 1.39173e-01 4.69382e-06 5.42187e-06 1.27582e-06 -1.04580e-07
1.46550e+03 1.39173e-01 2.32766e-04 2.59403e-04 2.59035e-05 -1.19540e-05
2.25640e+03 1.39173e-01 3.09824e-06 3.51330e-06 9.41673e-07 -1.25690e-07
2.73600e+03 1.39173e-01 2.52813e-07 2.80016e-07 1.36300e-07 -9.48511e-09
3.27350e+03 1.39173e-01 1.81949e-08 1.96070e-08 1.20445e-08 -1.54569e-09
3.18210e+03 1.39173e-01 2.72544e-08 3.02752e-08 1.79492e-08 -2.60473e-09
7.21420e+02 1.39173e-01 2.60259e-02 2.93438e-02 1.61390e-03 -1.41640e-03
3.46380e+03 1.39173e-01 7.55670e-09 8.37954e-09 5.52946e-09 -1.08837e-09
2.60630e+03 1.39173e-01 4.83866e-07 5.44684e-07 2.36002e-07 -9.81864e-09
3.29900e+03 1.39173e-01 1.52995e-08 1.72550e-08 1.11879e-08 -1.70749e-09
2.27850e+03 1.39173e-01 2.71544e-06 3.05403e-06 8.81300e-07 2.39181e-08
2.97060e+03 1.39173e-01 7.73125e-08 8.50690e-08 5.41592e-08 -5.09578e-09
2.03430e+03 1.39173e-01 1.00407e-05 1.12266e-05 2.33770e-06 -1.27704e-07
2.12720e+03 1.39173e-01 6.11321e-06 6.80455e-06 1.69277e-06 -3.06452e-08
2.62970e+03 1.39173e-01 4.23975e-07 4.90450e-07 2.09498e-07 -1.62510e-08
1.51850e+03 1.39173e-01 1.65025e-04 1.85927e-04 1.97995e-05 -9.16400e-07
2.02220e+03 1.39173e-01 1.10562e-05 1.18832e-05 2.51633e-06 -4.31205e-07
3.36490e+03 1.39173e-01 1.13377e-08 1.29305e-08 8.78668e-09 -1.32325e-09
1.02100e+03 1.39173e-01 3.29254e-03 3.77134e-03 2.11337e-04 -4.52585e-05
3.37180e+03 1.39173e-01 1.07310e-08 1.25267e-08 8.88568e-09 -1.58404e-09
1.59480e+03 1.39173e-01 1.08142e-04 1.22536e-04 1.51751e-05 -1.78520e-07
2.61480e+03 1.39173e-01 4.61423e-07 5.37362e-07 2.40928e-07 -3.16045e-08
3.31620e+03 1.39173e-01 1.43241e-08 1.60373e-08 1.09544e-08 -2.02473e-09
2.96440e+03 1.39173e-01 7.70423e-08 8.55599e-08 6.04253e-08 -5.14511e-09
4.93850e+02 1.39173e-01 1.75927e-01 2.03196e-01 8.14657e-03 2.45428e-03
2.26820e+03 1.39173e-01 2.94657e-06 3.14656e-06 8.55776e-07 -1.46565e-07
3.04980e+03 1.39173e-01 5.19832e-08 5.65118e-08 3.59357e-08 -6.04421e-09
2.48930e+03 1.39173e-01 9.00780e-07 9.77671e-07 3.73262e-07 -4.73845e-08
1.97270e+03 1.39173e-01 1.37373e-05 1.62091e-05 3.00704e-06 -1.80385e-07
3.00900e+03 1.39173e-01 6.28696e-08 7.13081e-08 4.31837e-08 -6.51620e-09
2.76960e+03 1.39173e-01 2.10565e-07 2.28955e-07 1.25049e-07 -7.41878e-09
2.54030e+03 1.39173e-01 7.23537e-07 7.70959e-07 2.89732e-07 -7.41680e-09
2.72480e+03 1.39173e-01 2.67345e-07 2.91420e-07 1.47374e-07 -1.77333e-08
1.78080e+03 1.39173e-01 4.03354e-05 4.31877e-05 7.21913e-06 -4.82725e-07
1.47590e+03 1.39173e-01 2.17806e-04 2.43609e-04 2.58515e-05 -6.74012e-06
3.28850e+03 1.39173e-01 1.62111e-08 1.81301e-08 1.20046e-08 -1.68733e-09
2.60490e+03 1.39173e-01 4.98677e-07 5.54357e-07 2.35585e-07 -3.36322e-08
1.21380e+03 1.39173e-01 1.00834e-03 1.11010e-03 9.46260e-05 6.51612e-06
2.90370e+03 1.39173e-01 1.06951e-07 1.16934e-07 7.39956e-08 -6.77940e-09
2.66310e+03 1.39173e-01 3.65184e-07 4.15347e-07 1.78231e-07 -7.05153e-09
1.37820e+03 1.39173e-01 3.71240e-04 4.22736e-04 3.97898e-05 -8.57083e-06
2.67760e+03 1.39173e-01 3.49004e-07 3.79196e-07 1.66318e-07 -1.17049e-08
2.92250e+03 1.39173e-01 9.56280e-08 1.07061e-07 6.95041e-08 -6.02146e-09
1.97990e+03 1.39173e-01 1.31281e-05 1.52977e-05 2.87591e-06 2.28950e-07
3.24250e+03 1.39173e-01 2.00558e-08 2.23231e-08 1.48308e-08 -2.36529e-09
2.68750e+03 1.39173e-01 3.22674e-07 3.49225e-07 1.72655e-07 -1.87674e-08
3.32340e+03 1.39173e-01 1.39796e-08 1.50210e-08 1.07694e-08 -1.42944e-09
3.48840e+03 1.39173e-01 6.89555e-09 7.30725e-09 5.06339e-09 -8.58029e-10
3.49670e+03 1.39173e-01 6.33076e-09 6.94622e-09 4.74767e-09 -8.93848e-10
2.02610e+03 1.39173e-01 1.05081e-05 1.15846e-05 2.45348e-06 2.40520e-07
8.48940e+02 1.39173e-01 1.02402e-02 1.13305e-02 6.40477e-04 -4.45828e-04
2.00700e+03 1.39173e-01 1.15879e-05 1.27248e-05 2.52713e-06 -1.95485e-07
2.79140e+03 1.39173e-01 1.85881e-07 2.07926e-07 1.16636e-07 -7.43343e-09
1.40530e+03 1.39173e-01 3.17797e-04 3.57955e-04 3.22405e-05 -1.32563e-05
2.48540e+03 1.39173e-01 9.24422e-07 9.85292e-07 3.92959e-07 -5.59988e-08
1.50920e+03 1.39173e-01 1.70377e-04 2.05644e-04 2.22039e-05 -4.04306e-06
3.02070e+03 1.39173e-01 6.00776e-08 6.48706e-08 4.07745e-08 -4.31507e-09
2.86830e+03 1.39173e-01 1.28559e-07 1.39942e-07 8.10332e-08 -9.45420e-09
2.52870e+03 1.39173e-01 7.49883e-07 8.06909e-07 3.21833e-07 -3.45968e-08
2.85710e+03 1.39173e-01 1.35213e-07 1.48254e-07 8.79555e-08 -8.76573e-09
9.51100e+02 1.39173e-01 5.02913e-03 6.04961e-03 3.84853e-04 -1.55872e-04
3.24680e+03 1.39173e-01 1.99413e-08 2.18190e-08 1.39966e-08 -2.12231e-09
1.41860e+03 1.39173e-01 2.91248e-04 3.26677e-04 3.44981e-05 1.45244e-06
6.01190e+02 1.39173e-01 6.68491e-02 8.01071e-02 3.27177e-03 7.02580e-04
3.10770e+03 1.39173e-01 3.92904e-08 4.37799e-08 2.60267e-08 -3.53137e-09
2.06250e+03 1.39173e-01 8.55044e-06 9.56593e-06 2.09633e-06 -4.93675e-08
3.09740e+03 1.39173e-01 4.15991e-08 4.71828e-08 2.73202e-08 -3.50120e-09
1.89710e+03 1.39173e-01 2.10243e-05 2.32774e-05 4.10770e-06 5.43220e-07
1.50060e+03 1.39173e-01 1.87793e-04 2.09852e-04 2.61104e-05 4.59489e-06
3.02880e+03 1.39173e-01 5.65224e-08 6.11996e-08 4.02432e-08 -4.92795e-09
2.68760e+03 1.39173e-01 3.23869e-07 3.53882e-07 1.65393e-07 -1.79690e-08
3.18440e+03 1.39173e-01 2.59350e-08 2.97016e-08 1.79079e-08 -2.92938e-09
2.42360e+03 1.39173e-01 1.25747e-06 1.40633e-06 4.72638e-07 -5.70613e-08
1.89000e+03 1.39173e-01 2.12562e-05 2.41207e-05 4.32677e-06 -8.53868e-07
3.26180e+03 1.39173e-01 1.87837e-08 2.08335e-08 1.25317e-08 -2.65810e-09
1.50080e+03 1.39173e-01 1.83949e-04 2.14471e-04 2.28928e-05 -1.46661e-06
3.09070e+03 1.39173e-01 4.22901e-08 4.77010e-08 2.88287e-08 -4.18864e-09
2.22660e+03 1.39173e-01 3.50414e-06 4.01980e-06 1.07473e-06 3.42911e-08
2.93760e+03 1.39173e-01 9.14707e-08 9.87375e-08 6.01125e-08 -4.18328e-09
3.19950e+03 1.39173e-01 2.47937e-08 2.74039e-08 1.81477e-08 -2.36836e-09
3.11240e+03 1.39173e-01 3.81207e-08 4.17019e-08 2.62845e-08 -3.33467e-09
2.74210e+03 1.39173e-01 2.49639e-07 2.69815e-07 1.36843e-07 -7.35052e-09
3.15020e+03 1.39173e-01 3.23278e-08 3.50265e-08 2.03149e-08 -1.69745e-09
3.10240e+03 1.39173e-01 3.93733e-08 4.28372e-08 2.68525e-08 -4.60444e-09
9.92210e+02 1.39173e-01 3.77053e-03 4.44182e-03 2.94031e-04 -9.52350e-05
3.43070e+03 1.39173e-01 8.62590e-09 9.37152e-09 6.01198e-09 -6.82893e-10
1.69530e+03 1.39173e-01 6.13003e-05 7.20862e-05 1.02891e-05 -3.14153e-06
3.05210e+03 1.39173e-01 5.00280e-08 5.73284e-08 3.76524e-08 -6.01437e-09
6.73960e+02 1.39173e-01 3.62121e-02 4.39558e-02 2.16614e-03 -6.80266e-04
1.78990e+03 1.39173e-01 3.70250e-05 4.21632e-05 6.25468e-06 -1.43855e-06
2.49540e+03 1.39173e-01 8.74620e-07 9.56767e-07 3.68927e-07 -7.39336e-09
1.99500e+03 1.39173e-01 1.22820e-05 1.41037e-05 2.58703e-06 -3.30179e-07
2.73730e+03 1.39173e-01 2.43242e-07 2.74159e-07 1.49468e-07 -1.51979e-08
3.26330e+03 1.39173e-01 1.87824e-08 1.99751e-08 1.35116e-08 -2.16904e-09
2.97920e+03 1.39173e-01 7.26738e-08 7.89372e-08 5.09001e-08 -3.34906e-09
1.31000e+03 1.39173e-01 5.65315e-04 6.17072e-04 5.87148e-05 -1.26927e-06
2.97330e+03 1.39173e-01 7.64297e-08 8.10199e-08 5.17431e-08 -4.83504e-09
3.02840e+03 1.39173e-01 5.71301e-08 6.19650e-08 3.94717e-08 -3.88425e-09
2.33050e+03 1.39173e-01 2.00754e-06 2.27785e-06 6.99882e-07 -7.91758e-09
2.47970e+03 1.39173e-01 9.21183e-07 1.06383e-06 3.81542e-07 -3.74627e-08
1.54220e+03 1.39173e-01 1.45661e-04 1.67929e-04 1.96643e-05 3.42657e-06
2.96040e+03 1.39173e-01 8.09600e-08 8.65237e-08 5.49040e-08 -7.19576e-09
1.63890e+03 1.39173e-01 8.47187e-05 9.79428e-05 1.34616e-05 1.96275e-07
1.10750e+03 1.39173e-01 1.83992e-03 2.15125e-03 1.48623e-04 -3.08455e-05
3.31430e+03 1.39173e-01 1.43574e-08 1.61572e-08 1.05492e-08 -1.85963e-09
3.37600e+03 1.39173e-01 1.10607e-08 1.21391e-08 8.15080e-09 -1.32261e-09
2.96550e+03 1.39173e-01 8.12514e-08 8.72850e-08 5.53794e-08 -4.54043e-09
1.98380e+03 1.39173e-01 1.31264e-05 1.47569e-05 2.94048e-06 1.67779e-07
1.54750e+03 1.39173e-01 1.37627e-04 1.59815e-04 1.89186e-05 -5.85609e-06
2.74770e+03 1.39173e-01 2.34123e-07 2.63325e-07 1.36017e-07 -5.40220e-09
1.43570e+03 1.39173e-01 2.64573e-04 2.99156e-04 3.23843e-05 -9.28664e-06
3.09010e+03 1.39173e-01 4.28649e-08 4.74331e-08 2.79327e-08 -2.59455e-09
2.48420e+03 1.39173e-01 9.25041e-07 1.04154e-06 3.68903e-07 -4.58658e-08
2.75510e+03 1.39173e-01 2.32820e-07 2.45410e-07 1.32861e-07 -7.79018e-09
3.37090e+03 1.39173e-01 1.11569e-08 1.25244e-08 8.06487e-09 -1.47835e-09
2.63710e+03 1.39173e-01 4.27487e-07 4.61137e-07 2.05164e-07 -2.22984e-08
1.20400e+03 1.39173e-01 1.03463e-03 1.18341e-03 9.83236e-05 -1.25732e-05
2.25750e+03 1.39173e-01 3.10770e-06 3.33107e-06 9.18865e-07 -1.35290e-07
2.31600e+03 1.39173e-01 2.28972e-06 2.50517e-06 7.48379e-07 -1.09024e-08
2.75760e+03 1.39173e-01 2.19378e-07 2.53968e-07 1.36029e-07 -1.42936e-08
2.86150e+03 1.39173e-01 1.29964e-07 1.44973e-07 8.84575e-08 -3.53977e-09
2.34230e+03 1.39173e-01 1.99866e-06 2.14716e-06 6.41137e-07 -7.71675e-08
1.80190e+03 1.39173e-01 3.38879e-05 3.90053e-05 6.14601e-06 -3.73931e-07
1.95330e+03 1.39173e-01 1.54830e-05 1.74115e-05 3.32111e-06 7.67962e-08
1.26230e+03 1.39173e-01 7.31264e-04 8.22134e-04 7.33634e-05 -4.13518e-05
7.90180e+02 1.39173e-01 1.55526e-02 1.83038e-02 1.06062e-03 -2.37485e-04
2.80910e+03 1.39173e-01 1.67276e-07 1.82005e-07 1.10951e-07 -9.61815e-09
3.22630e+03 1.39173e-01 2.21650e-08 2.50339e-08 1.46615e-08 -1.83955e-09
1.95950e+03 1.39173e-01 1.49167e-05 1.60978e-05 3.18817e-06 2.52468e-08
1.69900e+03 1.39173e-01 6.10460e-05 6.98559e-05 1.01585e-05 -4.59629e-07
3.06110e+03 1.39173e-01 4.74803e-08 5.36688e-08 3.14363e-08 -3.49746e-09
3.25580e+03 1.39173e-01 1.91925e-08 2.07333e-08 1.36128e-08 -2.22515e-09
1.40150e+03 1.39173e-01 3.30171e-04 3.66910e-04 3.75693e-05 -1.43819e-05
2.45870e+03 1.39173e-01 1.04738e-06 1.20133e-06 4.16086e-07 1.20399e-08
2.45880e+03 1.39173e-01 1.03103e-06 1.20728e-06 4.21739e-07 -3.77147e-09
3.17540e+03 1.39173e-01 2.79583e-08 3.08241e-08 1.89771e-08 -2.91203e-09
2.28730e+03 1.39173e-01 2.58215e-06 2.80220e-06 8.57410e-07 -1.10250e-07
1.54940e+03 1.39173e-01 1.39078e-04 1.62363e-04 1.78470e-05 -7.19203e-06
2.95250e+03 1.39173e-01 8.23517e-08 9.57364e-08 5.59631e-08 -4.26307e-09
2.92890e+03 1.39173e-01 9.43587e-08 1.04035e-07 6.47145e-08 -5.06236e-09
2.48740e+03 1.39173e-01 9.07265e-07 1.00731e-06 3.85938e-07 -2.36129e-09
1.77320e+03 1.39173e-01 4.12521e-05 4.80317e-05 7.04729e-06 1.12916e-06
3.07170e+03 1.39173e-01 4.67485e-08 5.13404e-08 3.06266e-08 -2.99962e-09
2.67260e+03 1.39173e-01 3.48547e-07 3.71932e-07 1.83625e-07 -6.52766e-09
2.42780e+03 1.39173e-01 1.19969e-06 1.33818e-06 4.77123e-07 -1.49927e-08
2.93090e+03 1.39173e-01 8.96488e-08 1.02509e-07 6.48686e-08 -5.07198e-09
3.36590e+03 1.39173e-01 1.13149e-08 1.27303e-08 9.08403e-09 -1.17948e-09
3.07070e+03 1.39173e-01 4.65522e-08 5.26538e-08 3.22674e-08 -3.44136e-09
7.46750e+02 1.39173e-01 2.19012e-02 2.53530e-02 1.18957e-03 -5.80501e-04
2.22860e+03 1.39173e-01 3.55907e-06 3.87829e-06 1.02355e-06 -1.80629e-07
2.11540e+03 1.39173e-01 6.57718e-06 7.19788e-06 1.58118e-06 -2.03640e-07
1.63250e+03 1.39173e-01 8.78995e-05 9.97513e-05 1.23362e-05 -8.47957e-07
3.27650e+03 1.39173e-01 1.72973e-08 1.88969e-08 1.18642e-08 -1.76078e-09
2.63130e+03 1.39173e-01 4.23637e-07 4.76569e-07 2.07503e-07 -1.91176e-08
2.44310e+03 1.39173e-01 1.13950e-06 1.27735e-06 4.44563e-07 -2.93358e-08
3.12430e+03 1.39173e-01 3.60381e-08 4.00315e-08 2.32847e-08 -3.03786e-09
2.57930e+03 1.39173e-01 5.75282e-07 6.29063e-07 2.74346e-07 -2.09464e-08
7.80360e+02 1.39173e-01 1.63371e-02 1.95964e-02 9.91585e-04 -1.86005e-04
3.12670e+03 1.39173e-01 3.61104e-08 3.86251e-08 2.36022e-08 -3.77660e-09
5.24820e+02 1.39173e-01 1.33904e-01 1.56110e-01 6.00534e-03 -7.83803e-04
2.34430e+03 1.39173e-01 1.97819e-06 2.11341e-06 6.40670e-07 -1.11008e-07
3.24820e+03 1.39173e-01 1.94310e-08 2.17907e-08 1.39240e-08 -2.11799e-09
2.47830e+03 1.39173e-01 9.61169e-07 1.06289e-06 3.83860e-07 -2.53234e-08
1.86310e+03 1.39173e-01 2.50678e-05 2.84670e-05 4.82481e-06 -4.44818e-07
2.13860e+03 1.39173e-01 5.75665e-06 6.63777e-06 1.38030e-06 -1.04117e-07
1.34850e+03 1.39173e-01 4.38727e-04 4.94818e-04 4.58660e-05 -1.27921e-06
2.05870e+03 1.39173e-01 8.81699e-06 9.57907e-06 2.00744e-06 2.20072e-07
2.91790e+03 1.39173e-01 1.00355e-07 1.09931e-07 7.32198e-08 -4.45111e-09
3.12970e+03 1.39173e-01 3.48586e-08 3.84696e-08 2.35827e-08 -2.38269e-09
2.45030e+03 1.39173e-01 1.10251e-06 1.22526e-06 4.26357e-07 -3.60227e-08
2.79470e+03 1.39173e-01 1.84699e-07 2.02751e-07 1.11725e-07 -1.42359e-08
1.22690e+03 1.39173e-01 9.04321e-04 1.02462e-03 8.85057e-05 5.09590e-08
2.61690e+03 1.39173e-01 4.90612e-07 5.11663e-07 2.12597e-07 -1.89997e-08
2.55380e+03 1.39173e-01 6.41759e-07 6.91360e-07 2.89881e-07 5.98840e-09
3.19180e+03 1.39173e-01 2.58533e-08 2.81984e-08 1.86524e-08 -2.94196e-09
3.47570e+03 1.39173e-01 7.06253e-09 7.70235e-09 5.53393e-09 -9.42556e-10
3.36790e+03 1.39173e-01 1.14097e-08 1.24818e-08 8.59281e-09 -1.24842e-09
3.16670e+03 1.39173e-01 2.90980e-08 3.35621e-08 1.98175e-08 -2.69817e-09
1.23440e+03 1.39173e-01 8.77879e-04 9.94930e-04 7.76884e-05 5.41283e-06
3.07150e+03 1.39173e-01 4.71791e-08 5.13649e-08 3.20276e-08 -4.99501e-09
2.99890e+03 1.39173e-01 6.61337e-08 7.28771e-08 4.49400e-08 -5.21736e-09
3.03970e+03 1.39173e-01 5.39175e-08 5.91704e-08 3.79433e-08 -6.16694e-09
1.93420e+03 1.39173e-01 1.73246e-05 1.90395e-05 3.81151e-06 -1.76706e-07
3.26570e+03 1.39173e-01 1.83176e-08 2.02657e-08 1.35411e-08 -2.21659e-09
3.36820e+03 1.39173e-01 1.13264e-08 1.30263e-08 8.61092e-09 -1.34817e-09
2.57350e+03 1.39173e-01 5.78861e-07 6.18582e-07 2.59036e-07 -1.67181e-08
2.87530e+03 1.39173e-01 1.23745e-07 1.35807e-07 7.98018e-08 -9.90670e-09
1.21480e+03 1.39173e-01 9.62540e-04 1.14720e-03 8.03728e-05 -2.00699e-06
6.53330e+02 1.39173e-01 4.36711e-02 5.23879e-02 2.47097e-03 7.73358e-04
2.44240e+03 1.39173e-01 1.14347e-06 1.29713e-06 4.30665e-07 -2.77964e-08
1.05160e+03 1.39173e-01 2.64065e-03 3.07492e-03 2.13967e-04 5.16547e-06
3.34280e+03 1.39173e-01 1.26382e-08 1.41418e-08 9.66795e-09 -1.59837e-09
5.41100e+02 1.39173e-01 1.11602e-01 1.35925e-01 4.93505e-03 3.88003e-04
2.99200e+03 1.39173e-01 6.69547e-08 7.40801e-08 4.85652e-08 -4.69220e-09
2.87890e+03 1.39173e-01 1.20909e-07 1.34129e-07 8.28521e-08 -4.66137e-09
3.23270e+03 1.39173e-01 2.14523e-08 2.41321e-08 1.55325e-08 -2.70646e-09
1.90010e+03 1.39173e-01 2.08934e-05 2.27614e-05 4.13385e-06 -5.11906e-07
5.26650e+02 1.39173e-01 1.30339e-01 1.51643e-01 6.07009e-03 -6.82305e-05
1.65600e+03 1.39173e-01 7.92631e-05 8.40649e-05 1.12858e-05 -8.44592e-09
3.41120e+03 1.39173e-01 9.16656e-09 1.04488e-08 7.03983e-09 -1.19558e-09
3.17350e+03 1.39173e-01 2.83878e-08 3.14717e-08 1.83906e-08 -2.63027e-09
3.46580e+03 1.39173e-01 7.49326e-09 8.01747e-09 5.50307e-09 -9.83672e-10
2.52330e+03 1.39173e-01 7.39490e-07 8.46307e-07 3.34956e-07 -1.26472e-08
2.08070e+03 1.39173e-01 8.07999e-06 8.37695e-06 1.84135e-06 -3.74512e-07
2.99270e+03 1.39173e-01 6.86702e-08 7.52897e-08 4.75142e-08 -5.82107e-09
2.51160e+03 1.39173e-01 8.04040e-07 8.81441e-07 3.46602e-07 -2.85608e-08
1.62140e+03 1.39173e-01 9.22997e-05 1.06218e-04 1.35407e-05 2.79327e-06
2.92970e+03 1.39173e-01 9.54226e-08 1.02119e-07 6.85299e-08 -7.56084e-09
2.45880e+03 1.39173e-01 1.05599e-06 1.15770e-06 4.37353e-07 -1.19377e-09
3.23190e+03 1.39173e-01 2.10170e-08 2.41392e-08 1.47745e-08 -1.70053e-09
1.86980e+03 1.39173e-01 2.51408e-05 2.65029e-05 4.47979e-06 -1.06134e-06
1.39830e+03 1.39173e-01 3.31840e-04 3.79587e-04 3.69369e-05 3.44442e-06
3.28070e+03 1.39173e-01 1.69359e-08 1.93118e-08 1.31213e-08 -1.96299e-09
1.84790e+03 1.39173e-01 2.77295e-05 3.18206e-05 5.18918e-06 -1.90167e-07
1.07610e+03 1.39173e-01 2.30704e-03 2.60993e-03 1.83664e-04 -6.45733e-05
2.40350e+03 1.39173e-01 1.40821e-06 1.51513e-06 5.15255e-07 -3.32576e-08
3.09540e+03 1.39173e-01 3.99636e-08 4.53043e-08 2.75376e-08 -5.62473e-09
2.28870e+03 1.39173e-01 2.58272e-06 2.82339e-06 8.02953e-07 5.45491e-09
2.22100e+03 1.39173e-01 3.84461e-06 4.20265e-06 1.04544e-06 -4.47543e-08
3.11860e+03 1.39173e-01 3.65792e-08 4.00875e-08 2.38057e-08 -3.91521e-09
2.58860e+03 1.39173e-01 5.40961e-07 5.87915e-07 2.50294e-07 -5.52812e-09
2.16890e+03 1.39173e-01 4.86988e-06 5.42075e-06 1.28625e-06 -2.32425e-07
1.71420e+03 1.39173e-01 5.57063e-05 6.26513e-05 9.27595e-06 2.65025e-07
2.24270e+03 1.39173e-01 3.32232e-06 3.65378e-06 1.04383e-06 6.52051e-10
3.27410e+03 1.39173e-01 1.77339e-08 1.84624e-08 1.19228e-08 -1.80669e-09
2.08210e+03 1.39173e-01 7.82629e-06 8.66677e-06 1.86140e-06 8.19523e-08
1.48660e+03 1.39173e-01 2.02387e-04 2.26922e-04 2.32509e-05 1.71546e-06
3.44640e+03 1.39173e-01 8.06750e-09 8.85597e-09 6.04990e-09 -1.06946e-09
3.46390e+03 1.39173e-01 7.58294e-09 8.35859e-09 5.70561e-09 -7.72132e-10
1.99870e+03 1.39173e-01 1.18771e-05 1.36889e-05 2.72595e-06 1.54329e-07
3.15390e+03 1.39173e-01 3.15600e-08 3.34130e-08 2.02706e-08 -2.01764e-09
2.37850e+03 1.39173e-01 1.62818e-06 1.82489e-06 5.94250e-07 -2.11518e-08
2.56850e+03 1.39173e-01 5.95049e-07 6.22197e-07 2.83003e-07 -1.82639e-08
3.34060e+03 1.39173e-01 1.30904e-08 1.43959e-08 9.69492e-09 -1.63933e-09
2.08210e+03 1.39173e-01 7.82723e-06 8.46575e-06 1.91409e-06 3.95744e-08
3.15080e+03 1.39173e-01 3.14733e-08 3.43780e-08 2.09101e-08 -2.89925e-09
1.59640e+03 1.39173e-01 1.10914e-04 1.22861e-04 1.43930e-05 -1.42963e-06
1.53620e+03 1.39173e-01 1.48789e-04 1.69137e-04 1.95846e-05 -3.74169e-06
2.21410e+03 1.39173e-01 3.78176e-06 4.40115e-06 1.09920e-06 -1.68571e-07
2.34620e+03 1.39173e-01 1.93655e-06 2.08193e-06 6.19532e-07 -5.90531e-08
5.06040e+02 1.39173e-01 1.58329e-01 1.83270e-01 7.28792e-03 -1.16587e-03
2.77770e+03 1.39173e-01 2.06762e-07 2.19082e-07 1.20818e-07 -5.51086e-09
2.84120e+03 1.39173e-01 1.48540e-07 1.53065e-07 8.66088e-08 -3.28534e-09
3.31900e+03 1.39173e-01 1.46478e-08 1.57800e-08 1.05069e-08 -1.65563e-09
2.18610e+03 1.39173e-01 4.35460e-06 5.14717e-06 1.26649e-06 1.07632e-08
2.65740e+03 1.39173e-01 3.85487e-07 4.13350e-07 1.82855e-07 -1.95939e-08
1.89670e+03 1.39173e-01 2.13200e-05 2.30952e-05 4.41103e-06 -6.98345e-07
2.07210e+03 1.39173e-01 8.38944e-06 8.91002e-06 1.99579e-06 -3.41857e-07
1.26640e+03 1.39173e-01 7.14296e-04 8.18339e-04 7.13837e-05 3.28666e-06
3.40810e+03 1.39173e-01 9.21617e-09 1.04176e-08 6.84626e-09 -1.24833e-09
3.23740e+03 1.39173e-01 2.11438e-08 2.36295e-08 1.45204e-08 -2.31738e-09
2.20460e+03 1.39173e-01 4.14364e-06 4.57893e-06 1.19508e-06 4.25552e-08
3.30220e+03 1.39173e-01 1.53562e-08 1.70857e-08 1.08496e-08 -1.69030e-09
2.38120e+03 1.39173e-01 1.58567e-06 1.78726e-06 5.34499e-07 -7.85972e-08
2.42150e+03 1.39173e-01 1.28009e-06 1.41062e-06 5.03046e-07 -3.28983e-08
2.39930e+03 1.39173e-01 1.47623e-06 1.63077e-06 5.20699e-07 -3.39962e-08
3.08060e+03 1.39173e-01 4.44780e-08 4.86142e-08 2.88079e-08 -3.23045e-09
1.57630e+03 1.39173e-01 1.22068e-04 1.38358e-04 1.56229e-05 4.72794e-06
9.18870e+02 1.39173e-01 6.09095e-03 7.34737e-03 4.22479e-04 -1.38051e-04
2.73520e+03 1.39173e-01 2.56905e-07 2.85947e-07 1.41775e-07 -1.35839e-08
3.41400e+03 1.39173e-01 9.53914e-09 1.02624e-08 7.28295e-09 -1.21223e-09
3.09250e+03 1.39173e-01 4.03544e-08 4.54616e-08 2.72625e-08 -3.29233e-09
3.11390e+03 1.39173e-01 3.85934e-08 4.14220e-08 2.49297e-08 -2.46018e-09
3.34620e+03 1.39173e-01 1.27064e-08 1.36982e-08 9.29749e-09 -1.14245e-09
1.65310e+03 1.39173e-01 8.00604e-05 8.60960e-05 1.20203e-05 -6.40485e-07
2.96730e+03 1.39173e-01 7.96626e-08 8.50246e-08 5.54254e-08 -4.74288e-09
3.18820e+03 1.39173e-01 2.63159e-08 2.98418e-08 1.86065e-08 -2.38503e-09
3.27770e+03 1.39173e-01 1.79153e-08 1.89156e-08 1.35023e-08 -1.76925e-09
3.37720e+03 1.39173e-01 1.11583e-08 1.23911e-08 8.06306e-09 -1.44079e-09
2.50410e+03 1.39173e-01 8.38564e-07 9.12582e-07 3.55164e-07 -3.84177e-08
2.30390e+03 1.39173e-01 2.36200e-06 2.74017e-06 7.84400e-07 -6.17781e-08
2.18760e+03 1.39173e-01 4.53935e-06 5.01704e-06 1.24331e-06 -1.03180e-07
2.83650e+03 1.39173e-01 1.45918e-07 1.65014e-07 8.94622e-08 -1.04052e-08
2.62550e+03 1.39173e-01 4.51795e-07 4.86036e-07 2.25313e-07 -1.24686e-08
2.85920e+03 1.39173e-01 1.33436e-07 1.48437e-07 8.25458e-08 -1.14704e-08
2.08660e+03 1.39173e-01 7.60158e-06 8.42401e-06 1.90282e-06 -8.07242e-08
2.56450e+03 1.39173e-01 6.16083e-07 6.73214e-07 2.82337e-07 1.36064e-08
2.40580e+03 1.39173e-01 1.39764e-06 1.51143e-06 4.90671e-07 -1.20242e-08
3.02290e+03 1.39173e-01 5.79917e-08 6.22142e-08 4.01297e-08 -3.66445e-09
1.42510e+03 1.39173e-01 2.84844e-04 3.12557e-04 2.81277e-05 -8.33482e-07
3.00310e+03 1.39173e-01 6.53398e-08 7.29478e-08 4.44897e-08 -3.19645e-09
3.14610e+03 1.39173e-01 3.20878e-08 3.47929e-08 2.13697e-08 -2.39547e-09
2.89730e+03 1.39173e-01 1.09706e-07 1.17749e-07 7.68906e-08 -3.71125e-09
2.84730e+03 1.39173e-01 1.43199e-07 1.54291e-07 8.84279e-08 -8.44495e-09
1.52970e+03 1.39173e-01 1.55998e-04 1.76184e-04 1.91496e-05 1.90064e-07
3.13320e+03 1.39173e-01 3.41032e-08 3.79021e-08 2.36445e-08 -2.42686e-09
2.39820e+03 1.39173e-01 1.45042e-06 1.60773e-06 5.48024e-07 -6.28922e-08
3.13080e+03 1.39173e-01 3.47709e-08 3.76773e-08 2.31842e-08 -3.24036e-09
3.26130e+03 1.39173e-01 1.87296e-08 2.03588e-08 1.31281e-08 -2.22628e-09
3.26630e+03 1.39173e-01 1.85859e-08 2.02258e-08 1.27913e-08 -1.97583e-09
8.29330e+02 1.39173e-01 1.17825e-02 1.35912e-02 7.89891e-04 2.65540e-04
2.73480e+03 1.39173e-01 2.58472e-07 2.75244e-07 1.40825e-07 -1.30297e-08
3.36320e+03 1.39173e-01 1.16045e-08 1.28241e-08 8.95701e-09 -1.38578e-09
2.86920e+03 1.39173e-01 1.29447e-07 1.45003e-07 8.33302e-08 -3.50232e-09
8.63250e+02 1.39173e-01 9.27583e-03 1.10118e-02 5.86217e-04 -1.55945e-04
2.23430e+03 1.39173e-01 3.30831e-06 3.85025e-06 1.06495e-06 -2.30507e-08
2.53770e+03 1.39173e-01 7.06681e-07 7.86416e-07 3.14230e-07 -3.83679e-10
3.31810e+03 1.39173e-01 1.45851e-08 1.55002e-08 1.07608e-08 -1.26185e-09
1.42100e+03 1.39173e-01 2.92429e-04 3.18990e-04 3.21460e-05 -5.77169e-06
2.92380e+03 1.39173e-01 9.30573e-08 1.03841e-07 6.70742e-08 -4.40846e-09
2.31340e+03 1.39173e-01 2.23595e-06 2.51774e-06 7.19053e-07 -1.02490e-07
1.66390e+03 1.39173e-01 7.45308e-05 8.48893e-05 1.21867e-05 -1.65176e-07
2.57860e+03 1.39173e-01 5.63416e-07 6.29518e-07 2.58059e-07 -1.59549e-08
1.06120e+03 1.39173e-01 2.52830e-03 2.93012e-03 2.11897e-04 5.97102e-05
2.62310e+03 1.39173e-01 4.41320e-07 5.03439e-07 2.17939e-07 -7.81382e-09
2.78280e+03 1.39173e-01 1.94109e-07 2.08877e-07 1.11633e-07 -1.40862e-08
1.87760e+03 1.39173e-01 2.39739e-05 2.54740e-05 4.67065e-06 -6.25090e-07
6.08900e+02 1.39173e-01 6.37720e-02 7.42625e-02 3.07545e-03 6.14845e-04
2.44580e+03 1.39173e-01 1.10208e-06 1.24621e-06 4.44301e-07 -9.73803e-09
2.23790e+03 1.39173e-01 3.50210e-06 3.68794e-06 9.92080e-07 -5.49533e-08
2.57510e+03 1.39173e-01 5.66111e-07 6.24283e-07 2.69369e-07 -2.80888e-08
3.14730e+03 1.39173e-01 3.25162e-08 3.53351e-08 2.17017e-08 -3.31164e-09
2.46550e+03 1.39173e-01 1.04145e-06 1.16598e-06 4.19710e-07 -5.21200e-08
2.30390e+03 1.39173e-01 2.42899e-06 2.57051e-06 8.18385e-07 -3.86961e-08
1.49170e+03 1.39173e-01 1.89666e-04 2.21975e-04 2.33509e-05 3.13238e-06
1.49930e+03 1.39173e-01 1.91099e-04 2.10653e-04 2.18203e-05 -3.67713e-06
3.40210e+03 1.39173e-01 9.83014e-09 1.08835e-08 6.90433e-09 -1.35162e-09
3.35510e+03 1.39173e-01 1.20374e-08 1.33226e-08 9.17813e-09 -1.30655e-09
1.76480e+03 1.39173e-01 4.08601e-05 4.77215e-05 7.09974e-06 -4.68255e-07
1.74460e+03 1.39173e-01 4.80180e-05 5.35677e-05 8.25406e-06 -4.00436e-07
2.64700e+03 1.39173e-01 3.91682e-07 4.44872e-07 2.00936e-07 -1.65593e-08
2.42470e+03 1.39173e-01 1.27061e-06 1.36550e-06 4.64043e-07 -4.60806e-08
3.39420e+03 1.39173e-01 1.00716e-08 1.09489e-08 7.44345e-09 -1.08599e-09
3.02990e+03 1.39173e-01 5.69174e-08 6.19894e-08 3.98458e-08 -3.96633e-09
2.71950e+03 1.39173e-01 2.72419e-07 3.00221e-07 1.42128e-07 -9.71029e-09
1.28300e+03 1.39173e-01 6.53763e-04 7.22877e-04 5.89018e-05 4.25955e-06
2.84030e+03 1.39173e-01 1.47522e-07 1.60398e-07 9.46306e-08 -1.08160e-08
2.10980e+03 1.39173e-01 6.69221e-06 7.31083e-06 1.73922e-06 -2.31623e-07
3.41150e+03 1.39173e-01 9.35813e-09 1.04867e-08 6.71364e-09 -1.19814e-09
2.69830e+03 1.39173e-01 3.03479e-07 3.35045e-07 1.63135e-07 -1.69016e-08
3.48440e+03 1.39173e-01 6.76375e-09 7.48644e-09 4.94368e-09 -8.15199e-10
3.20140e+03 1.39173e-01 2.50860e-08 2.64114e-08 1.71658e-08 -2.28366e-09
3.36320e+03 1.39173e-01 1.19609e-08 1.30776e-08 8.43897e-09 -1.22092e-09
9.62120e+02 1.39173e-01 4.68142e-03 5.35021e-03 3.41010e-04 -1.65724e-04
1.62420e+03 1.39173e-01 9.09157e-05 1.03788e-04 1.39338e-05 -3.24661e-06
2.65020e+03 1.39173e-01 3.95670e-07 4.33252e-07 1.92852e-07 -3.40406e-09
2.95910e+03 1.39173e-01 8.12584e-08 8.93182e-08 6.05539e-08 -5.67856e-09
1.58560e+03 1.39173e-01 1.15925e-04 1.26006e-04 1.66480e-05 2.00156e-07
1.13610e+03 1.39173e-01 1.58235e-03 1.82398e-03 1.20395e-04 -3.28831e-05
4.12040e+02 1.39173e-01 3.92561e-01 4.76832e-01 1.39616e-02 6.06227e-03
2.99790e+03 1.39173e-01 6.55038e-08 7.28537e-08 4.45223e-08 -5.32384e-09
2.37190e+03 1.39173e-01 1.74388e-06 1.88001e-06 5.87125e-07 -5.78059e-08
2.64090e+03 1.39173e-01 4.09272e-07 4.46115e-07 1.89105e-07 -1.56348e-08
3.20950e+03 1.39173e-01 2.39170e-08 2.61792e-08 1.68666e-08 -2.50150e-09
2.83780e+03 1.39173e-01 1.45127e-07 1.63861e-07 9.31706e-08 -9.64781e-09
1.30340e+03 1.39173e-01 5.81254e-04 6.43976e-04 4.47981e-05 -7.59823e-06
3.36310e+03 1.39173e-01 1.16444e-08 1.26576e-08 8.72480e-09 -1.15226e-09
2.57100e+03 1.39173e-01 6.05098e-07 6.29644e-07 2.80292e-07 -3.16144e-08
2.98680e+03 1.39173e-01 6.88906e-08 7.78690e-08 4.72753e-08 -3.64353e-09
3.21800e+03 1.39173e-01 2.24820e-08 2.50614e-08 1.59533e-08 -2.02658e-09
2.77960e+03 1.39173e-01 1.98252e-07 2.24183e-07 1.22267e-07 -8.62301e-09
3.30040e+03 1.39173e-01 1.59076e-08 1.72338e-08 1.18338e-08 -1.91372e-09
2.95330e+03 1.39173e-01 8.45323e-08 9.28715e-08 6.25502e-08 -5.07460e-09
2.27620e+03 1.39173e-01 2.78918e-06 3.10070e-06 8.67917e-07 -8.49506e-08
3.25660e+03 1.39173e-01 1.86450e-08 2.06728e-08 1.24101e-08 -2.11742e-09
2.23530e+03 1.39173e-01 3.42178e-06 3.79064e-06 1.08231e-06 -1.40307e-08
3.31090e+03 1.39173e-01 1.48538e-08 1.66695e-08 1.06695e-08 -1.61379e-09
3.41210e+03 1.39173e-01 9.52821e-09 1.01548e-08 7.01080e-09 -1.24820e-09
3.27400e+03 1.39173e-01 1.79247e-08 1.92639e-08 1.24170e-08 -1.56559e-09
